# Created by Octave 3.6.3, Tue Dec 25 01:48:44 2012 BRT <root@ubuntu-VirtualBox>
# name: params
# type: matrix
# rows: 2307
# columns: 1
 1.652403965351908
 0.1521755116990359
 -0.3496770799389202
 0.1417947245786022
 1.504482501296916
 -0.3375068954483946
 0.3866118533572152
 -0.2665145938230191
 1.442193431838865
 0.09361039438015946
 0.5559809597294562
 2.018193930272118
 2.850857627874483
 0.724198064097671
 0.1751582253694036
 -0.009279832018130419
 0.5093757786086671
 -1.674873661111622
 1.008413437173422
 -2.174565392404243
 0.2295312581695854
 2.105475239009531
 -0.3107206856648793
 1.069848399524594
 -0.1476212160027703
 1.449876294890886
 -0.1834159455164464
 0.06218057247245304
 0.4965179513726954
 -1.429694732250194
 -1.503798379783397
 0.5526799038474101
 -0.09400598162948047
 -3.478938748699324
 -0.5899233636580196
 -0.9259897776302268
 1.158242416900981
 2.05494511730482
 0.03660691490507549
 0.2916323395990064
 0.6362746806841227
 -1.428326339122553
 -1.376245995182506
 0.003222883580998199
 1.240852866241459
 -0.2331275385509193
 0.6245969360236834
 -2.068211860228766
 3.969955391754923
 0.9023216817928088
 1.906673519787573
 0.4235871498257167
 -1.838360677423338
 -0.3904882186555553
 -0.05278306682767498
 0.1097494728622088
 1.707562674794887
 0.8229766808038743
 0.714235429873467
 -0.2035836538948215
 -0.009117873065018708
 -6.524511876549445
 1.542408109864383
 -0.2737881589563702
 -0.1080289849454057
 -0.6689242363282276
 0.3610434880827699
 0.1846708782909318
 0.3332985549031314
 0.426847733612513
 0.2086472206022249
 -0.04044549460429855
 0.08568389245868895
 -0.3607935712409941
 -0.5025052713648072
 -0.3231589704500745
 -0.2955258876245506
 -0.007726649619657854
 -0.06662067973706569
 -0.4516560088598515
 -0.1608579875451558
 0.1710683979080768
 -5.497661506636718
 -0.3418787935750055
 -0.3556727101131866
 -0.2663244563491342
 -0.4195997638516511
 0.3647173999839494
 0.09273997852765446
 -0.7274818248554961
 -0.5932881513922241
 -0.1419830616524805
 0.5853548867367815
 -0.04347038733611385
 -0.03778664929567201
 -0.1907209973966679
 -0.3865804847959114
 -0.3004865459543228
 -0.9083412869841906
 -0.5836837188322962
 0.2752168928308537
 -0.2453849673907001
 0.06551356653329078
 -0.6617513628682817
 -0.3704054696498253
 0.1905084537350547
 -0.264253591487261
 -0.2642589915006172
 0.4023401536761305
 -0.2636260005681185
 -0.339046799255607
 0.1378185112595639
 0.6740123294515008
 0.5836233348175857
 -0.08669090945530129
 0.1899782950952012
 -0.08935291511351078
 -0.03694168825015186
 0.2244301672626944
 -0.04709372471219273
 -0.3809947754155015
 -0.1107721199855125
 -0.1181760013309666
 0.1050965388669698
 -0.1206374781368436
 -0.0205047339006521
 -0.07019225028421773
 0.2122794901181088
 0.3092169057277366
 0.4633760617535704
 1.753870267611207
 -0.1981436530027793
 0.977505980347925
 -0.3149194097341487
 0.002162066212959693
 0.654067857949388
 -0.1524994060926387
 0.4584798857094428
 0.05370738912318611
 -0.239951037705363
 0.6648049030640898
 0.1293418901573125
 0.1662298650053838
 -0.460707505618797
 1.074703055868938
 1.552369646431379
 -2.228022033594313
 -0.03345008963830121
 -0.0255167137909111
 1.449646852727495
 -0.4754215310855648
 -0.9252938830412003
 -0.2089182572454317
 -0.7628934245892133
 1.191759696247238
 0.0979816252032191
 0.5110107582494664
 -1.411478211615007
 -0.03939575963479602
 0.1126068581150994
 0.1302144589026045
 -0.2105583354608528
 -0.03670349264870468
 0.03223669686538577
 0.1905957529857552
 -0.4445668259767357
 -0.3693145394169502
 0.1841817680971719
 -0.01234066030730924
 -0.3447222117868443
 -0.8185835735005339
 -0.707772968798191
 -0.04550370319930896
 -0.02174373588470492
 -0.33231836172392
 -0.2574708215292131
 5.136283353532734
 -0.4132251031693382
 -0.07790329495052463
 0.1734864829210088
 0.8320634749825345
 -0.04203929594606236
 0.01326417131287239
 -0.01325874093534388
 -0.3906916032036822
 -0.04343451767033762
 -0.02377254881448696
 0.0979570835186902
 -0.0007006720338843522
 0.01186982953707613
 -0.05118141777347679
 -0.4198290813117526
 -0.08455369892427408
 0.06216945815276967
 0.2256067737219562
 -0.5290080418436698
 -0.1577399796314912
 -0.1356549555657954
 0.3445562612269961
 1.16256532119364
 -0.09798480711258643
 0.1026336647737575
 -0.0493050635651017
 -0.4397773483472937
 0.3863593311746928
 0.1441777760490803
 -0.018915500700131
 -0.6647125034911134
 0.9195006839116368
 0.1987907793110711
 -0.1131839085370859
 0.2732235000071766
 -0.5218492313041792
 -0.1819874910917607
 0.5981234464945869
 1.827553167754556
 -0.01342768802097552
 -0.2476251341430551
 0.5958058327244469
 0.0893952264851112
 0.3683248610849567
 -1.322354363673197
 2.122336654342802
 0.1399906201954891
 0.3178867413508237
 0.01598531914378415
 0.1641376367780999
 0.3777593303017711
 0.210856261686668
 0.1119302158701033
 0.100514352935592
 -0.3927485703937609
 -0.1826955708804902
 0.8197189703370354
 0.2325236605756752
 0.3979740888543126
 -0.9175463570108224
 0.02020507502188452
 0.0747538400086558
 -0.2383329560241942
 -1.067037335642566
 1.280321497053228
 -0.4541625860992163
 -0.3119335477529365
 -0.8259281691156939
 0.2288432729803045
 0.07788012935889686
 -0.03079903795680376
 0.7249919045460381
 0.2843874485680946
 -0.06311482608308445
 -0.01844179882958942
 0.01307216354860655
 0.06735785171258947
 -0.512989679211828
 -0.007183419242558553
 0.1905583255275951
 -0.04471117242220604
 -0.0995219630870485
 0.1605935492599579
 0.072804572101582
 0.1727669691296637
 1.170117771086586
 1.519650500031635
 0.1708568300788831
 0.0192418300956123
 0.08054172775505392
 0.7086705898125154
 -0.09639872088202929
 0.2760946653320846
 -0.0534659167322346
 -0.2790863907250457
 0.7447123325682717
 0.3941765826177406
 0.07477547715783416
 0.2525002199394519
 -1.783113434000042
 -0.4666783724585776
 0.4819477658471832
 0.2754218758960811
 0.1118532141775372
 0.7984990335378117
 -0.3371572550121949
 0.02063638785341228
 0.4131355115373238
 -7.391194724543945
 0.2418774243282451
 0.04124127813009375
 -0.08653716725593762
 -0.1564758855950686
 0.3694788448461727
 -2.030481044496117
 -0.265454631390858
 0.6491183050252587
 0.08093017834666785
 0.0817939892625115
 -0.3909818957970738
 -0.6920028907193776
 0.7564931303769746
 0.2393879434839836
 -0.04475141194958712
 0.06065000734023179
 -0.08086402515391891
 0.9164089736803863
 1.330701847414951
 0.5589453339364446
 2.449991677527576
 -0.1447432764524488
 -1.360538693951469
 0.1444509805206644
 -0.05311405209654722
 -0.1023770907042059
 1.03011334469468
 0.2384991542108418
 0.02207031762009977
 0.03805582291536684
 0.1292562010868696
 -0.2022390610113498
 0.2491386473496204
 -0.05348055311994517
 -1.111921607691895
 0.1681246452788898
 0.1476655841901648
 -0.3533022832815484
 0.328375376768105
 -0.06681581487002251
 0.4242515137097313
 0.09343045573276763
 0.4305197592514347
 0.1400777168702593
 0.3006180010952316
 -1.803506665426262
 -0.2901938115462253
 -0.9230159387491634
 -0.1025328765262107
 -0.716554543993579
 0.2015473279550348
 1.064984060564157
 -1.56276690145717
 1.17707121102431
 -0.3826603425951485
 -0.2136268006991353
 -0.1006613894128812
 0.9465087916516313
 -0.01435495696600563
 0.3826189602441745
 0.1731708115963507
 0.1206047914431698
 -0.1881887522247451
 -0.06975217639095679
 0.2929094749703868
 0.08797868723093966
 0.3998393232114689
 -0.2702922710768783
 0.5773031444791432
 -0.5662674516342824
 -0.6382884150242144
 -0.0858587541182467
 -0.4392186633953553
 0.8932482799964708
 -0.04064922720504502
 1.210647386386553
 -0.03006176310222207
 -0.4998515395506966
 -0.2423971875286174
 0.2076979824450257
 0.152471663863456
 -0.4269276621138772
 0.5952906393191281
 0.6067572056699232
 0.9277017358240904
 -0.04806939955282344
 -0.7126968138632811
 0.289963151002429
 -0.6659209085352642
 -0.08603259991079205
 0.04717565404330915
 0.0178499271995221
 0.1836614600760392
 -0.1717821750502579
 0.01330397118407967
 1.189032616491332
 1.687459378934205
 -0.06636713122365007
 -0.7986288596563538
 0.07341742253689222
 0.3992254275286052
 0.2646225827564082
 0.3045770181725964
 -0.04613217253258604
 -0.1289303718894791
 -0.1813751390670927
 0.04609630200915416
 0.1440813305893954
 -0.1190959840714604
 -0.695698298231254
 0.003788455476825197
 -0.2674428902203924
 0.1249878887612333
 -0.3811584294365615
 0.1911563764881967
 0.578291828684413
 -0.6684795420312809
 0.5299224995326175
 -0.1628173445132916
 -0.03044628481450287
 -0.2793914627765433
 0.4549430870883246
 -0.2832535691289983
 -0.1968225162844441
 0.003540365989501743
 -0.3721164923945481
 -0.006978579891923138
 -0.6366752084526625
 -0.3160245168067348
 -0.3687913946836854
 0.1127042268287585
 -0.5007151860172634
 0.2383427960892052
 -0.03208815385235091
 -0.25431411788241
 -0.2359174405070376
 0.1757052071988802
 0.2190655106276318
 0.2730703167373092
 1.243700514898191
 -0.1991760115224026
 -0.4048350675412828
 -0.7026750508857471
 0.1040613561934719
 -0.3637483997844957
 0.1366833760110832
 -0.4695301543522695
 0.3485108087355245
 0.1972012452717075
 -0.0372363317547836
 -0.09041561383362035
 0.1390504027331574
 -0.3379455975382015
 -0.258274398282889
 0.049942480145504
 0.1881489500678372
 -0.6648629012448897
 0.3490179890843136
 -0.2138167215582757
 -0.3764373445124674
 -1.206165711845399
 -0.2422924365470319
 -0.1135661447977928
 -0.126672333596588
 0.3867422951546529
 0.3827187915495134
 0.04727704998736469
 -0.07591250704931429
 -0.3740465618722528
 -0.3149767933590146
 -0.2952195644072305
 0.01597831769835333
 -0.3904424221155214
 -0.4615888255221703
 0.8925854922019271
 0.0213059458534234
 0.1344399648002825
 0.01928705758794887
 -0.1197242997449166
 0.01125352936912335
 0.1404169726051072
 0.005054653482936009
 0.062231092794585
 0.9575897717356378
 -0.2231275936535914
 -0.04760569066428063
 -0.4549403724603039
 0.04194476223913112
 -0.154054604590974
 -0.4466006882215885
 0.2361272953335789
 -0.5329702509429208
 -0.3602640216731955
 -0.336515209800634
 -0.05677392367012111
 -0.9402982451599182
 -0.2094958458075317
 -0.01631229800400707
 0.09621052362440438
 0.4872216560908203
 0.7380064284238285
 -0.2806101625183039
 0.05448848736189284
 0.5131006415259967
 0.04064376077815282
 -0.09284983041018083
 -0.8580877727158706
 0.1536434849670317
 -0.4858197263307337
 0.2718584920759777
 -1.768197802035137
 -0.07563117456200188
 -0.3058232130908267
 0.1300926453390184
 0.1866640136744868
 0.08718585783624913
 -0.1546211579171632
 -0.1598393971921401
 -0.04944615424821028
 -0.03858345612063236
 -0.8242058036329523
 0.5984310253241141
 -0.236932944637601
 0.2728379206802169
 -1.777397007045083
 -0.1289746207057015
 0.8576518218003769
 -0.1075535199694517
 -0.04636223083490041
 0.07322151516465962
 0.04285862310053749
 -0.06681891595890696
 -0.08925815199160757
 -0.01752791530951634
 0.2376408647002333
 -0.01704838648283847
 -0.1954710637973847
 -1.146407370993302
 1.546241653687129
 -0.3498203196274665
 -0.005425447545428585
 0.2193037376513153
 0.001527472136986623
 -0.1502337260371157
 0.3083825394720057
 -0.7125696137978803
 -0.2151360617455682
 1.611893369220606
 -0.5153613198677285
 -0.1742297588673296
 0.0615770460109593
 -0.302223810357663
 -0.2348972206424839
 -0.2115674536160825
 0.04428637411457107
 0.2198889319476111
 0.02385776098717778
 0.1110758050066604
 -0.3081595413000596
 -1.233341308775
 -0.1656680716673935
 -0.3222379409229523
 -0.4659242466140081
 0.1484831130199912
 -0.1880882143907746
 -0.4385661201526209
 -0.3645417111778739
 -0.7328195532899211
 -0.2170629156242433
 -0.1510098890931864
 -0.5199292734632137
 -0.1919399578354538
 -0.1087731998036329
 -0.3161898181547108
 -0.9553610520236283
 -0.301040239713811
 -0.1309768867720294
 0.2978981038405306
 -0.02206072837737118
 0.1353885794514253
 -0.05650615746866191
 0.1564118801020478
 -0.3838037887691182
 -0.3481077552096294
 -0.2958869998222095
 0.09226834994246838
 0.05360334370657945
 1.019627798081008
 0.2395319564428756
 0.0560704061837457
 0.9493124920407173
 0.07965106032590651
 0.08546957358997398
 0.1026665719234854
 0.3358537915022191
 0.06014688180541985
 0.07642961788309345
 0.3271129535282498
 0.2053935530974166
 0.01153662878139831
 -0.1753303103396244
 -0.6382717115205995
 1.455305391814177
 -0.68602946065855
 0.06282524261799242
 0.1317496621973413
 -0.1626023403371761
 -0.2526145134269558
 0.2064284256826141
 -0.7903257580250262
 -0.2516380732419237
 0.3892356449792487
 -0.7076047392470796
 -0.1006944648752712
 0.02870086673376215
 -0.5798902323648331
 0.01329329506756816
 0.07163877347869126
 -0.07676181833583413
 0.5157069412946135
 0.4221121822244688
 0.08185346961839371
 -0.1688052779110641
 -1.34336185256643
 -0.007391502773052424
 -0.3528782591662347
 -0.9379941922322842
 -0.05594602345316866
 -0.654051110527443
 -0.04750337758622956
 -0.1527568983998691
 -1.51402959886349
 -0.4998749934717634
 -0.6952123784335692
 0.3348243403547242
 -0.2018035434194233
 -0.2628708972296328
 -0.5816114524882433
 0.1838639732644531
 -0.1292886250738635
 -0.07842189675126782
 0.4446276284526668
 -0.3021988796938546
 0.2576546096371005
 -0.3083107225726756
 0.4005910347176616
 -0.1353476398671463
 -0.1956987452421931
 0.2874796209510822
 -0.1084340884007005
 -0.0271026309053262
 0.798781482908002
 0.3810233509816918
 0.00760369835397082
 0.2996533554908129
 0.1530940287169108
 0.6368375273524697
 0.3199907246206462
 0.1949242340613072
 0.1444857422104366
 -0.2321958749870721
 0.04277953380065016
 -0.6780326285771642
 0.3562953732921259
 -0.2677925660191184
 0.3373202790084999
 0.0484857749233692
 -0.4480843284344155
 0.4963151262315976
 -0.01026382733211978
 -0.4945391241530101
 -0.7344340260329753
 0.07859759954859917
 0.4063144375038583
 0.461347986347342
 -2.052556839023732
 -0.3034779618474615
 0.1591962994385307
 -0.04655601843000483
 0.4151566132488225
 0.3419934724530423
 0.0218902384139767
 -0.05703356902964002
 -0.4345920694945593
 -0.3781002073462084
 -0.383589157475218
 0.08452916730913568
 -1.142561230521726
 0.06754370501863005
 0.1342353787619176
 -0.898742425221106
 0.9939544358799923
 -0.2205381604628301
 -0.05151898065444528
 0.5276712072431341
 -0.9706346850612876
 -0.6205757955028594
 -0.6209840544507926
 1.344687754751361
 0.04758981743473643
 -0.6041588498127933
 0.1464798269986107
 0.003420505773017087
 0.345677239678121
 -0.4100951757418753
 0.5874378942882159
 -0.3759950056351649
 0.1195597415592388
 -0.1451771667164126
 0.08909883946456738
 0.6116370113224331
 0.5531535913384569
 0.06384396650444256
 0.3901505904227887
 -0.4555548021850266
 -0.08805696310439186
 -1.008627212501365
 -0.3678401597337302
 -0.0888878300383564
 0.2365116534738419
 -0.0323070039790946
 -0.2064469928439753
 0.06132574526171119
 0.1070035468929677
 0.1003806708019447
 0.3723196085293862
 0.424896181314922
 0.03814849576996614
 0.208852721967163
 0.1609789321203041
 -1.243456963404928
 0.1305504379403715
 -0.06462011971444478
 0.250269200091638
 -0.3250069635468995
 -1.319927055109877
 -0.42109240874037
 0.614008565626348
 0.1579403511714216
 -2.278351907691611
 0.2035262280402773
 -0.5270111506356544
 -0.02968853542683752
 1.181164373455554
 0.1271378790952268
 0.1019808319237582
 -0.1892773572230987
 -0.2382841136348747
 -0.186596390051364
 0.1378907399696574
 0.1936311889472526
 0.05715925827263049
 0.3248454767529493
 -0.1626715680433574
 -0.6209602000295278
 0.6607417635594434
 0.3602568033392722
 0.2956803201464019
 0.1169134498984719
 -0.3759055624487562
 -0.4353031934894689
 -0.325931810796296
 0.785377659277983
 -0.1964988164342337
 0.1050842817710296
 -0.4162661216650225
 -0.1309182116474408
 -0.03881301416958856
 -0.2438543026380066
 0.3591238629967548
 -0.2057924174407618
 0.1740342845707121
 -0.1372157315460919
 0.110412599079604
 0.07840750339662135
 -0.0004420905599656216
 0.3362092514608257
 -0.1531975790285101
 0.03008094033689658
 -0.8080600625516733
 0.08782575005514126
 -0.2445321138278796
 0.8559761845741406
 -0.08601402606494765
 -0.5321753742097795
 -0.3406019950019999
 0.1896535101087713
 0.06533461265372625
 0.1049408000131603
 0.7479215877979399
 0.2216538544859908
 -0.07885794621269061
 0.09773631181419572
 0.2178286011742888
 -0.169344559233115
 0.2531980788487503
 0.07012569327900099
 0.1732664114577476
 0.1626514826970284
 -0.7525542725082999
 0.02262707316912899
 -0.6155677057377403
 -0.2287542993939236
 -1.653104001855273
 0.1569087914777477
 -0.3150637340755277
 0.119100848607984
 0.1528180567593755
 -0.3230062255176885
 0.2634207279118564
 0.09145786027793298
 0.363640155616436
 -0.1457909017796287
 0.05300877702153912
 0.1583829353574658
 0.2872141420424168
 0.1430087174224159
 -0.7178372725209156
 -0.02934907748814931
 -0.6689083594088362
 -0.08103899535224864
 -0.1232000811318272
 -0.009747032681433883
 -0.6786637982363042
 -0.2975789819176607
 0.01178907695787715
 -0.1342035735771255
 -0.3690502567211263
 0.3313309903368321
 -0.09404228305098818
 0.7701786468943324
 0.08388060589528473
 -0.1800397878164358
 0.2177982368465648
 -0.2949018502493972
 0.002245272453677447
 -0.08889802828038497
 0.4861575296241551
 0.03211719483102619
 -0.09992860348979409
 0.2903507331095841
 -0.2496340716005182
 0.2385682410090775
 0.6252827215659603
 -0.08735537827906516
 -0.06173973399644489
 -0.4198915130434693
 0.2214800632547386
 -0.2861060676481883
 -0.2009936548054497
 0.4270719586213307
 -0.1945622139984407
 -0.1853800201075237
 -0.2560899993599471
 0.9585719127468887
 0.2008295524576965
 -0.3045343185949695
 -0.5100178344646771
 -1.131587538021296
 0.5061186824003029
 0.04183899558887033
 0.4069489750785862
 -0.8096377033796692
 0.5747703350895514
 -0.1608033376753877
 0.5426609931574815
 0.3074509391564992
 -0.2268042773247206
 0.5230013583265234
 -0.1269284769820577
 -0.03704012727833394
 1.076941067814964
 0.44413105165461
 0.004137180536915893
 0.4147546922699364
 0.4509550710730094
 -0.5662603909768799
 -0.46420160103242
 0.1659221159811324
 1.038216182550506
 0.1349673888869212
 -0.2046885370774577
 0.4359543059474111
 1.082176876469664
 0.2312462921174001
 -0.178416530232192
 0.4297252008555636
 0.6943116004313657
 -0.5559560275593842
 0.3161583971888925
 1.106841255102819
 0.05187948209137436
 -0.1801482333167971
 -0.9282586888971558
 0.3039748071824929
 -0.5769954301491788
 0.2681350529720062
 0.2386418950717605
 0.4522193001494428
 -0.1830533882758618
 0.2744667149008844
 0.0804579150292843
 -0.5334932242033483
 -0.09675559766404071
 -0.3322579105482413
 -0.08404375941997558
 0.00863229887496649
 -0.1779950797020642
 0.6708414194334724
 -0.2475348612123344
 0.08323051884836985
 -0.02028620090777133
 0.5620736322768041
 0.2626944341355624
 0.4002499210909733
 0.1100043561533179
 -0.4014056247320243
 -0.6753690190382593
 2.25981177268556
 0.1371512294049959
 -0.5553221466073966
 0.188554876977398
 0.04917573604335972
 -0.1517322364805228
 0.2118009342605374
 0.5068932528040779
 -0.8085109157216351
 -0.6910799240630355
 0.8351556000147972
 0.08267455589272367
 -0.07481421946560492
 0.3417836877274566
 -0.2232281412127028
 -0.3305605417083172
 -0.2937543532406878
 -0.1229410004050529
 0.2718775018068246
 -0.2902724476020298
 0.5775692443124431
 0.1313260692843583
 0.3009736034745096
 -0.4888476654083402
 -0.1437891208740792
 -1.306825629945995
 0.4652342317975657
 0.144178283200246
 -0.487817680818578
 -1.316563398694662
 0.6097963028955776
 -0.3136627974110732
 -0.1601880326765767
 0.8171328270048516
 -0.4220025926374019
 -0.417587724823569
 0.2150551941295007
 0.2118926770331602
 -0.5785892066055025
 -2.613721874285571
 0.4420610598337458
 -0.1648211520561821
 -1.131775114613627
 -0.1035864318402553
 0.6986287176374436
 0.01584272057048844
 0.2584146645462973
 -0.1662706776277034
 -0.07746882364222542
 -0.4249863291781322
 -0.8128508322999785
 0.4951554997370081
 -0.1823350262758316
 0.2126429477615212
 -0.364897930581317
 0.06178961782983335
 1.170617637524779
 -0.106607997907576
 -0.001674524685416466
 0.05292600307218947
 0.05460008452923638
 -0.00349194674586875
 0.1266283795239156
 0.4454811854765848
 -1.864719787439417
 -0.09443491806118323
 0.4841072616361407
 1.310754197251357
 2.499823549043473
 -0.6241723197572495
 -0.1835144736885404
 0.4054474926263256
 -0.5439058840065
 -1.697541311764134
 0.8597773839478406
 -2.117227220371044
 0.2122398591030032
 -0.4142045208504015
 -0.4604125909087181
 -0.157416742805955
 0.058020560359205
 0.02744306729523866
 -0.087607702997881
 -0.02897560725636341
 0.4374874868614014
 1.32214941214407
 0.1722718598106504
 0.6324721129726645
 -0.03878907916878904
 -1.135596840077684
 -0.02143660995815761
 0.2693588230252711
 -0.2684618208141296
 -0.6833548996569632
 -0.3377660330315736
 0.0984095429210796
 0.1121875749212367
 -0.4490871090617618
 0.07764315749311371
 -0.0689564017032982
 0.186754141802188
 -0.0991981404554196
 0.2644925386585595
 2.078891524577579
 -1.042770581715719
 -0.2402569371464196
 -0.4617011318012591
 0.05098023405977358
 0.4996996373405343
 0.2451890208305631
 0.2275793737209456
 0.06874332715125508
 -0.2966274624566932
 0.909970737856753
 0.3617176175609482
 0.02431726471121798
 0.1705544109530584
 1.868848114577881
 -1.78260432776455
 0.005302226403278685
 -0.45927915874354
 0.01614119830886462
 -0.07616494322172807
 0.215303577362605
 0.01736820129918964
 -0.05475185577162808
 0.09978786052656259
 -0.09087160392825408
 -1.419404231069008
 -0.1318270825936623
 0.2381251825305419
 -0.7961576925190013
 -0.5712293767209714
 -0.3769040281806755
 0.06589503702109878
 0.4773114746198542
 -0.2175881803204705
 0.04009497015804281
 0.6567881373753526
 -0.3339646698917306
 0.4474953915199096
 0.7852902799891677
 0.06684481610731458
 0.1164034947593637
 0.158642697559059
 0.007653371534022567
 -0.0340896606895708
 -0.003188121844450972
 0.176459210395576
 -0.08367362332677815
 -0.4251824175902102
 0.03000944391644488
 -0.2234690854639609
 1.579456479893868
 -0.004056428198249121
 0.02965170322702421
 -0.2644623795147905
 -1.194583851134924
 -0.12354597363998
 -0.07631039452590532
 0.1309340584621442
 0.594412960741505
 0.282461394103683
 0.172200899258616
 -0.02585939345193894
 -0.2481176538542787
 0.174423075844414
 1.458391249100357
 0.2011801537956747
 -0.2530539121895556
 0.8277462777574307
 -0.1545894266598102
 0.346835832582399
 0.2578773326242711
 0.05286519399903179
 0.05802995393159186
 -0.5374893742254829
 0.6012009959393113
 0.06781802618580283
 0.1117713743685946
 -0.02601217303432564
 -1.8079526493393
 2.831395654364214
 0.1048039798973568
 -1.355270150057312
 -0.03722564397723785
 -0.7886742806084275
 -0.3214129173410584
 0.6825197654392241
 0.2643273304735272
 1.015994626968603
 0.02383286745967985
 0.5018520817023867
 -0.2017406600543965
 0.3630321028900283
 -0.4304691250154097
 -2.916157937400079
 0.05137014732927023
 -0.4722593954648318
 -0.006199325126862437
 -0.09946500511699224
 2.488515924309383
 0.1439410436923833
 0.308317308212366
 -0.1291363073827868
 0.3329782932819689
 -0.1429759647255413
 -0.4364672322299018
 0.4729036531326423
 -0.6129063347617363
 -0.2660969853888597
 0.4970256660375641
 0.1226676941006805
 -0.2844621128070954
 0.2526710912184318
 0.5370201258099903
 -0.03975552704275386
 4.503166828615068
 0.09644881663862845
 0.06324005187660833
 -0.02459706671937678
 1.397597997309661
 -0.1051714192679402
 0.3258021490441119
 -0.479454742187964
 0.7870289304943354
 -0.5318756234269086
 -0.08705335403472447
 0.9041686163224092
 -0.4361267344174482
 1.007049186996723
 2.018720429032252
 1.329146738412827
 -0.4169629310407089
 1.292978658946496
 0.462726144694548
 0.4919281851255027
 0.05079356405401243
 -0.2962644583776963
 0.1861202286905862
 -0.4920117094284041
 -0.4009002556772052
 1.075311409901158
 -0.7990671080669127
 0.4485037442883659
 -1.51344263886795
 3.257144102164937
 0.3718007883544264
 0.5068655862740361
 -0.09526678971910996
 -0.4176692351854123
 -0.1096653317256799
 -0.3882168172127605
 0.280514213666936
 0.4361136799040138
 -0.3358879577734592
 1.056462167586711
 0.03156580554002895
 0.2530767267456491
 1.651729070670971
 1.193510668415799
 0.4632097093284241
 -0.0171770433996309
 0.6416915477515394
 -0.5846669215922269
 -2.57285657145423
 0.1990455920019663
 -0.2753566725277293
 -0.1038589978670434
 -1.635444209796217
 0.2647140802601791
 -0.0371049586239092
 0.4284374971707488
 2.22463482409592
 -0.1237270912990494
 0.2598077815673955
 -0.2224830069727207
 0.08874938973234738
 0.5989258554730243
 -0.1237179900209197
 0.03488079434804602
 -2.4585433461269
 0.03212031073017218
 0.6467728318556815
 0.8737473905048105
 5.313834127745417
 0.2644528787113341
 0.02895754259279533
 -0.4107266535123926
 -0.2330092003747146
 0.1597202829242688
 0.7287164991838251
 1.04387039455906
 -0.1599568042268489
 0.4502513860341912
 -1.605809025410955
 -0.7763540346725338
 0.2933223623131344
 -0.2647083062984033
 0.5196784325744512
 -0.2256762261382142
 -0.05903006906544279
 -0.2542792753006474
 0.2807067824318017
 0.6996461235342007
 -0.07586855278334143
 0.4166575975967003
 -0.4593223210743746
 0.1801195606629325
 -11.25059495159775
 -5.80259597351546
 0.09265267735920207
 0.189994199036268
 -0.02210827560917331
 -0.2674409744181071
 -0.05817470367519605
 0.01544432346889323
 -0.02918651299928684
 0.2211792625829783
 0.02866447432037039
 -0.9229750597192372
 0.1609122774153211
 -0.1265047309718348
 -0.1623175601806771
 0.3052084172604227
 -0.3466973188668527
 0.1369397713584374
 0.01231558403651264
 0.1139084544830726
 -0.1554798715553526
 -0.07645769035434349
 -0.3183295700377894
 0.1335686229311357
 0.1435864870812553
 -0.08719724493004284
 -0.002905047659723005
 -0.1208195957838316
 -0.243489176364595
 -0.1175006792873654
 -0.1210731767717122
 -0.1235720495550909
 0.02909796308257585
 0.1818412840387866
 0.06403230800409106
 -0.009855026899765119
 -0.3460163987284694
 0.0545396265514155
 -0.1960983513064967
 -0.2163006068037724
 -0.5518710825509293
 0.9023521906716032
 -0.1127093637110542
 0.17409451496856
 -0.2674109343318404
 0.01679893118341265
 -0.1666949473688539
 -0.1911194771090327
 -0.1029474583541714
 0.09619516299763789
 -0.2326842993512371
 0.04534481421227431
 0.0108068995606189
 0.1929111718269928
 -0.02817287254834999
 -0.1476041551039575
 0.007580653848319309
 0.1781145635647381
 -0.04223395373497208
 -0.0107281021075965
 0.8948121751379011
 -0.1598774170695336
 -0.03712640846589615
 0.06556232203367227
 -0.3083933332610518
 0.4082369974723637
 -0.2370374923597443
 0.1887985904807388
 0.1201470859199371
 -0.1092837444432933
 -0.04336064529203657
 -0.06133555038453149
 0.01650470012765368
 0.2181507054534675
 0.1385127392339331
 -0.5875239554213513
 0.07035160613174447
 -0.0443681064927833
 -0.1021194049400114
 0.06199119576331187
 -0.159650082973145
 0.02694610658121389
 -0.0236163018190549
 0.02976818939318513
 -0.03738043678516355
 0.02200743911448034
 -0.04840422796388157
 0.05305226425383398
 0.1285885689099037
 -0.1692333798255433
 0.04026802664740146
 -0.07919313757611926
 -0.2386205417448953
 0.04353036940940921
 -0.1311534226053702
 -0.08059889620295725
 0.1666674332049029
 0.04481691770058457
 -0.1431178301853101
 -0.2010757199691464
 -0.1105988157444567
 0.05911970546013882
 -0.03188105918680391
 -0.2533572625051314
 -0.437603677678859
 0.5356199277515896
 -0.1837281581794835
 0.1071430001468421
 -0.19415925964957
 -0.01431300289659758
 0.0568433554447877
 -0.1099894568344032
 0.1252312369851235
 0.1283437080251725
 -0.0588020957979245
 -0.09815031953375458
 -0.1627742410559476
 0.2403286020554935
 -0.1224349103441558
 -0.1032739287307151
 0.1555547547216333
 0.2513420019784107
 -0.05630061506028883
 -0.09503097689157849
 0.6529542809623671
 -0.1625341558739378
 -0.09796215736475719
 0.1353948707041918
 -0.3302172164865569
 0.2506510466687609
 -0.2199937944985725
 -0.01118257527219695
 -0.002619475980617676
 -0.1286643908988508
 0.05817170862382143
 0.01117157831175398
 -0.02926053190542083
 0.1185471436910804
 0.2125913223396128
 -0.374081710405921
 0.09482055980144863
 0.02539932066554424
 -0.1390042482959618
 -0.046562729620243
 -0.1568351858027727
 0.06841866128659127
 0.03361111148421828
 0.103573764916946
 0.06818225376678684
 -0.03800733840583102
 -0.09433338842565434
 0.1142830404432434
 0.04321823992021352
 -0.06300231458945074
 0.07765997924607225
 -0.1834740796981029
 -0.028806799029117
 0.001108620359002859
 -0.01033894333515359
 -0.008806517344469696
 -0.01663596607540974
 0.144464249185256
 -0.1074653677240099
 -0.001753675154964777
 0.01366926000128508
 0.1281777661731895
 -0.02585298510404555
 -0.0375681511792008
 -0.08590376484793978
 0.1198566233567975
 -0.2775495339907363
 0.1740189792479134
 0.08872639133424239
 -0.03913009440854585
 0.08538288781437324
 -0.008930349160413201
 0.009635531665640086
 0.006414647517085746
 -0.0967301407738185
 0.007611141003301861
 -0.0342949807697219
 -0.02566899436351811
 0.05943109385599338
 0.0165575466567243
 -0.08871376387834558
 0.2047646381463751
 -0.1771435182696731
 -0.1257739375344654
 0.56230233304104
 -0.06949170423691017
 -0.0432917568802747
 0.06052592478111262
 -0.04839956682394193
 0.1342664597044982
 -0.2049741418403759
 -0.01848953303959624
 0.0533118196956127
 0.0894875405311559
 -0.01724795949443101
 0.06667182167717028
 -0.01738100597222009
 -0.08237049189645732
 -0.02413578011880065
 -0.5637033558541072
 0.2349219358158316
 -0.2194238974121113
 -0.04337318133151383
 0.07909066573946126
 -0.05956914583433091
 0.04930828534800095
 -0.05284652601262648
 -0.1020599620227203
 -0.04510339534086509
 -0.006790458871305209
 0.1194640992317311
 0.1891149666736751
 -0.08051300364309351
 -0.1904347652256595
 0.02195622941210393
 -0.0318274459552477
 0.1183184314859216
 0.0245521339126554
 -0.1112646281882367
 -0.08918079004196126
 0.1114612371738212
 0.04896070048978322
 -0.04978242369793141
 -0.1275808524621611
 0.0689474818381023
 -0.1354208741128629
 6.560690131057994e-05
 -0.03120062139468841
 0.07806941256441235
 0.1967896275813285
 -0.1823007096409044
 0.2316499916431295
 0.04302606801332706
 0.08107728449426349
 0.04477990393098968
 0.03001189529773995
 0.07994743716861294
 -0.131307305338787
 0.1639239591597598
 -0.04308030081332388
 -0.07482790881089624
 -0.01022887053399475
 0.1089305203890649
 0.01733738305572691
 -0.006666283539479909
 0.2889351488909478
 -0.2433248151618448
 0.01813440925380402
 0.5289070591056905
 -0.1017722319388101
 0.2015056157675554
 -0.1674752414656108
 0.1599874638210372
 -0.2282159768168164
 -0.2394363030487475
 0.08412229027462632
 0.1118051149863188
 0.07601302508040746
 0.06181904116121924
 -0.08585635602239688
 -0.08851521710757335
 -0.1340416015512601
 -0.1658549957768013
 -1.185671779281021
 0.2719466651090148
 -0.2339873551852455
 -0.01016832195598211
 0.05913945593642921
 -0.1410066505466714
 0.09084980300157973
 -0.0660356574215185
 -0.1091571791886209
 0.02657567684025756
 -0.1307608485537109
 0.1691614675890649
 0.1495110798126466
 0.007216612669998363
 0.01409302568794545
 0.01013848301800575
 -0.2891949750383199
 0.1492769836169239
 0.1471396444034803
 -0.08470324582404792
 -0.06119574428873439
 -0.06125703044900684
 -0.1975645091331663
 -0.1351600524757455
 -0.09707352319943187
 0.02416907665573643
 -0.05641993290306854
 0.01825257737236579
 -0.04000809123462131
 -0.07506715831204952
 1.083139675207235
 -0.3051098576621799
 0.3223566429719778
 0.1408533134071835
 0.09687545807997648
 -0.04539816796729873
 0.1982610504521263
 0.1290342363544808
 -0.2241584716323828
 0.1930484314801725
 0.08212009417152785
 0.02000697372405656
 -0.07831338045066645
 -0.1086475030063447
 -0.09251898500775359
 -0.07223046327395001
 0.3613866980711882
 -0.283555477180864
 0.08740094165787787
 0.7812151020530753
 -0.1682877369313783
 0.04348383157938904
 -0.06154326585508022
 -0.0266350823105899
 -0.2830673868857545
 -0.2463481094785648
 -0.03473166308136748
 0.2032711339854849
 0.04581168185868524
 -0.01002833558831428
 0.05203593457705204
 -0.06466080595968329
 -0.02995018606718914
 -0.3032823560472757
 -1.518825470989498
 0.2218690124525176
 -0.07949731803383886
 -0.1292919653467027
 0.1828248563006767
 -0.1304656599380077
 0.2722025740004823
 0.04276870688202056
 -0.199169373462024
 -0.0841876561762815
 0.03844299553974904
 -0.03776804909722929
 0.3423595519594849
 -0.1103003181305174
 -0.1365492446792148
 0.05396703949263881
 -0.1197241935855189
 -0.01222413266782902
 0.04444540855952134
 -0.1322814775283582
 -0.09753525877451426
 -0.285734054314827
 -0.176111944465861
 -0.1167402666208495
 -0.1602505711012356
 -0.02915012448996868
 0.00348088423503028
 0.02028961565961131
 0.06616262981906447
 -0.1075116615988706
 1.43616947919719
 -0.09357805203188159
 0.528436927218279
 0.08181352757505511
 0.0361986553225466
 0.02539019301119768
 0.09949199294492454
 0.2623326694845272
 -0.07671546071949996
 0.0006206132551439818
 -0.001566252925458884
 -0.01486337336857621
 0.07590653719765456
 -0.01745952913027813
 -0.01874369872036232
 0.06815822498877255
 0.3206189529297339
 -0.3929420239272121
 0.01878967663186328
 0.913277854328397
 -0.3691457439846933
 0.2483532932845717
 -0.1713037978983449
 -0.0283692333134123
 -0.2048581199101078
 -0.3561307069133528
 -0.1229828609162158
 -0.02248576717903425
 0.04539042374205465
 0.1132738711555793
 -0.04992444959206745
 0.04297316191380308
 -0.08104940153063991
 0.1023988757131445
 -0.0536154736350774
 0.1892514059532129
 -0.1529345449050454
 -0.03322357366198147
 -0.004415735475349682
 -0.03999101119658148
 0.2096849496240961
 -0.0772044678372078
 -0.1586161265956251
 0.01146131780754463
 -0.01479681725617512
 0.02257237418519084
 0.1878810189126366
 -0.04357714704018792
 -0.06120061568607965
 -0.05403292964800551
 -0.02639602573951165
 0.1324138875414201
 -0.04435928956883654
 -0.1828840586093061
 -0.1544226174222864
 -0.02040018267116824
 -0.1022601472015216
 -0.08070057542047046
 -0.102616662880667
 0.0706639843935528
 0.166043045458371
 -0.06373343816063171
 0.05091398482882369
 0.05500342931977087
 0.2841318527294021
 0.1117761726045284
 0.2473700358217338
 0.00457555757376666
 0.1097377098980331
 -0.01895320913231935
 0.1438905136093795
 0.1828192894751113
 -0.1255761918942408
 -0.07017777580241667
 -0.02822025374019119
 -0.007444542858951068
 -0.06040521457873104
 -0.09049061735874395
 0.1025633648089117
 0.0977137696978279
 0.1302146503154655
 -0.2051689471906532
 0.07386871737835986
 0.3502250513322919
 -0.1874940456525366
 0.1215957822103285
 -0.01869861084573815
 0.03447526027803836
 -0.2089307396601626
 -0.2529375046292057
 0.03038126129520523
 0.09896209012621737
 0.007959593742844584
 -0.1080018289075472
 -0.029661581255963
 0.07378780803031945
 0.03562553904324537
 0.4993539696167878
 1.43631436494304
 0.1690579286910907
 0.1115469633428235
 0.06298948958783901
 -0.09052437774541715
 -0.1569973883179486
 0.06101806943030816
 0.109995152018342
 -0.03985194185064499
 0.05240367750414123
 -0.0279626450910154
 -0.02187527701036376
 0.07416845329376158
 0.1244714868921368
 -0.04757551122890689
 -0.0857471186580905
 0.0218637078655447
 0.0382266686883217
 -0.06945085022436068
 -0.0577348615973295
 -0.2438908421369098
 -0.07243005425403604
 0.01634527734404072
 -0.09309763039507392
 0.02551395247469539
 -0.04847492397905667
 0.2204846045351039
 -0.1032860757862032
 -0.1254865785161912
 0.03450568930395041
 -1.071675175414607
 -0.02357212766722516
 0.01273203879583539
 -0.06480411515675336
 -0.007086260849022448
 0.07690847920843825
 0.1443471342733571
 -0.01998748377728262
 0.1094659212035177
 -0.1061540158193656
 0.08531900619659068
 0.02444398753497183
 -0.06291424396108874
 0.0791313488708268
 0.03349095199800985
 -0.005312376567239672
 0.03562058966740678
 -0.08449722041045232
 0.03651646260728456
 -0.157856388699611
 0.002514537930857163
 -0.05468000242009664
 0.07527796295842365
 -0.008620751068913024
 0.2030692296080628
 0.05341662275287909
 -0.06056177014276243
 0.07093719376664095
 0.02486154099748711
 -0.1089175603341627
 0.1504252784530203
 -0.04358412921246184
 0.02877141903882545
 0.7980136644408833
 2.423100065460974
 -0.1144394709835214
 0.2137951439610321
 0.2753391957484545
 -0.1966100499823665
 -0.2472568296642373
 0.02319171050656018
 0.1174541053662765
 0.2021503010386666
 0.1677709320202931
 -0.06449295760550414
 0.06382509425870937
 -0.07075277531612881
 0.04238251615168048
 -0.2873046528834727
 -0.1294853092772856
 0.1415106926715376
 -0.01819922161724425
 0.05533921403605228
 0.1287673833197617
 -0.1428684190645065
 -0.06010761589979411
 0.2015792847450645
 0.06957412668013456
 0.03692349871168875
 0.006715728977826086
 0.571790427661364
 -0.03420165251411095
 -0.01497796008691144
 0.1744071348971442
 -2.535446210000737
 0.3368297314826092
 -0.2926960663387932
 -0.02536318283342511
 0.1613782791240656
 0.04539555436568035
 0.1449556349138841
 0.03240571894318815
 0.07020854087423385
 -0.2556248370901625
 0.07977019456762433
 -0.07166155270708055
 -0.1149500067154639
 0.0865521715867764
 0.1419878669708523
 0.04540905989376461
 -0.1876517155390372
 0.1574326023334905
 0.07450087577695894
 -0.6982899409468273
 0.326363991415617
 -0.04516034952423886
 0.02572267571464197
 -0.2411298715158859
 -0.0105955209389622
 0.08139785430214819
 -0.1767974085271187
 0.07022933389884357
 0.05898207900772752
 -0.03811292078295761
 0.01333503763712474
 0.1367907425185655
 0.06281967283564646
 0.5678155743142449
 1.897077293354761
 0.06754093883685323
 0.1792170617760521
 0.1607402010205058
 -0.2677249317602327
 -0.03866698876696731
 -0.03828905064644617
 0.06838805528132084
 0.0769231411362572
 0.2608028080009083
 0.08533173657047817
 0.03731178906660591
 -0.09496635965819392
 -0.1041873886602339
 -0.2641079412857424
 0.01397651483199854
 -0.07404798065434794
 -0.01709401078388436
 0.06529522669712577
 0.08168412842419458
 -0.1817442688378013
 0.02476881450495251
 0.09470188954864123
 -0.01359403817870541
 -0.0006109942397906654
 0.1801591914009018
 0.3825881322118833
 -0.005642945339553987
 -0.04208467940642611
 0.1661362073882941
 -1.993659049939039
 0.1964494570115743
 -0.1167494257411249
 0.07091026934547413
 0.09886136945699658
 0.04771277535871003
 0.2436004025350485
 0.07536808445355303
 0.03036810363665019
 -0.1215184697692494
 -0.07516832088136663
 0.003495294374025351
 0.02467105571902697
 0.08302091105637834
 0.07514908981181406
 0.0002295571403039881
 0.06360488431762983
 -0.04985404538721188
 -0.1281919357070326
 -0.4816564485704469
 0.04113946575353122
 -0.04063488998461443
 0.06439398209693364
 0.06480878546886035
 0.02747627947669005
 -0.01203577708051035
 0.170443932660751
 -0.03638872388602001
 -0.1230821014291557
 0.1665372296987731
 -0.09161286669354704
 -0.03627422141260823
 0.06348545934112464
 -0.27089033647977
 -1.26764675105607
 0.3224976885994222
 -0.2172946149087693
 -0.1248592226046822
 0.2118118843315292
 -0.08421855613922201
 0.05818909185976494
 0.1202428724949685
 -0.01955933555993322
 -0.2229281838136357
 -0.0517944730734858
 0.061646447928799
 0.1461598397020432
 -0.07572929407286447
 -0.1286569529875546
 0.007839973684307135
 -0.28634413964989
 -0.05002194644596651
 0.02123434667419496
 -0.07873363892355101
 0.09816757007566153
 -0.02744359392649707
 -0.03441151356253996
 -0.1987722254352163
 -0.1259235837515365
 -0.2727705114988249
 -0.1291091575892198
 0.04475723764304489
 -0.1577307116174773
 -0.2080137283780986
 1.586256311478689
 -0.5379306164184063
 0.4175312727846106
 -0.06073786491948405
 0.1058540707918805
 0.06532080711457472
 -0.03079486450577524
 0.2230240125993188
 -0.06464369538868542
 0.1311732586269254
 -0.1185884714374391
 0.03208099488633932
 0.07376428228920644
 0.01220965916501883
 -0.1769564067646952
 0.03220854443564409
 0.4909011857180487
 -0.3638942897426937
 -0.0315740241633088
 1.114287233197644
 -0.3360934852529192
 0.1529706101734984
 -0.1613982162142082
 0.01837787042076943
 0.2276891011657946
 -0.2928304967352409
 -0.003931375513842162
 0.1412581979390881
 -0.07370450706462639
 -0.0294457258330592
 -0.07498125500405232
 -0.06980993794122656
 0.09408323000835102
 -0.03279071670154994
 -0.35375098405035
 0.07847263680874556
 -0.2164836794342138
 0.03206651607630225
 0.07932876194908747
 -0.1381752383613616
 0.01368179711394972
 -0.01066224320617802
 0.01301688937532946
 -0.0500407055329668
 -0.07725863645069374
 0.1242887526095249
 0.1411896130650488
 0.07873520965732658
 -0.08550610658960017
 -0.03158062540725113
 -0.005669279018464422
 -0.09363554152760283
 -0.01133416075995631
 -0.08884919032650344
 -0.004740802593017521
 -0.09833714087257392
 0.08889866268561641
 -0.08149400556328035
 -0.1513725821962677
 -0.204189283976607
 0.004570938772829621
 -0.1572566725504924
 0.0293418952616407
 0.01890079965857952
 0.4523189824813476
 -0.3455346176057254
 0.2011108371886954
 0.07478354184535474
 -0.03780816461518061
 -0.002923251263222269
 0.07989904752896154
 0.05718315533417758
 0.05564360694333544
 -0.1271416378190128
 0.008025432158997694
 -0.1610246188793704
 -0.006356725231006473
 0.03982598095116685
 -0.1076387134357724
 0.1300174529492337
 0.3218623656079543
 -0.2306667836614986
 0.01737521756458033
 0.5738141337539235
 -0.2159354696060364
 -0.02669660868125228
 -0.1039529284451547
 -0.005809967172005925
 0.1485628083219294
 -0.2666824905989617
 -0.1542312592805646
 0.1018565941379136
 0.09254592101840597
 -0.03456501352483721
 -0.04591906019882872
 0.08415406284154178
 0.05078116575367689
 0.5519829884515852
 1.388756128605642
 -0.01928888560889755
 -0.1450337450188713
 0.1175327645406664
 -0.183918129546991
 0.009832546916193086
 0.01268113386698327
 -0.06680664906656468
 0.1688796647689258
 0.1055965505284468
 -0.09686971195348124
 0.1617941040631395
 0.1043302824862665
 0.0144586012620534
 -0.2664971936966196
 0.09228960851899466
 -0.09638330273487802
 0.1399224891841721
 -0.07572181948089594
 -0.0825647047727729
 0.06733114966655709
 0.09668376840572912
 0.02308160484466752
 -0.1769006075049194
 -0.06149609659974364
 0.1900878038761056
 0.01456644198530228
 0.02816089464535374
 0.06679126181721989
 0.18755288606124
 -1.389155046510403
 -0.03407368214296531
 -0.09157537154496607
 0.2348774733749365
 -0.06264612613606008
 0.1069000247893605
 0.1390807803053527
 -0.005632066808954703
 -0.08166300307454732
 -0.005398505512321676
 -0.05167223085770524
 -0.1569704757402124
 -0.05405794675093769
 0.08085565752850658
 -0.02213987703919147
 0.1009522518569037
 0.01563451464371545
 -0.01640857067395967
 -0.05173065747021997
 -0.2125779318695657
 -0.1525972980170463
 0.05070554241481613
 -0.07194075572056996
 0.1739372842582612
 -0.06336577389860547
 0.06020345536908868
 -0.3940154424363247
 -0.07958788573465309
 0.1058148323032801
 0.1930064760657765
 0.1470191612173766
 0.07268268333905646
 -0.1544938074863637
 0.8145664585429314
 2.937597046117388
 -0.06913465512937533
 0.1108775970518498
 0.3900054363925746
 -0.4973311426153507
 0.020603605270895
 -0.02870687842574957
 -0.09789947994139296
 0.3120208643925521
 0.3866280120318122
 0.173238277700948
 0.2267505755742212
 -0.2087572410110445
 -0.1467944623160259
 -0.2898557201431078
 0.03801752733808267
 0.05816549614613859
 0.03005517759318338
 0.02591087923743635
 -0.03280626188068576
 -0.01609546031068742
 0.3079650716608933
 -0.07066770769766229
 0.07854948381779706
 -0.2312111356554282
 0.1832775153921318
 0.1286633131020842
 -0.05585055495059499
 0.09383744737709736
 0.5230103318970727
 -2.791952028089412
 -0.2225029148816749
 -0.3340594010289816
 0.254399174360837
 -0.02222803003871524
 -0.01106048794026622
 0.3883892134684379
 0.08228041597225161
 -0.100446883168358
 0.1689195985242521
 0.1397578127103431
 0.09245302785732269
 -0.1145808538778157
 0.01991048438698389
 -0.004983035700839167
 -0.03484503511483127
 -0.003963871757744746
 0.004572616573042346
 0.179232741483813
 -0.8264063574574828
 0.06200163939411514
 0.05910354872002099
 -0.002078092772142612
 0.5969588718859657
 -0.3992263825208127
 0.118030973822806
 0.1852481492729507
 -0.05660018789326107
 -0.8500388367940063
 0.6485009507877576
 -1.918145173839699
 1.315364392678765
 0.8915709053547743
 -0.01473813127816535
 -1.008495046204617
 -0.2668221997995745
 1.397260845455391
 -1.447885696300156
 -0.5671332071740266
 0.788139658856467
 -0.6564241517994901
 -1.379388797812457
 1.407975536240092
 -0.2466368694134283
 -0.4581959193152019
 0.2204208475658948
 0.1947050395657132
 -0.5112083738159392
 -0.9345600576610141
 1.480403633390178
 0.7639211704746967
 -1.877167899634582
 1.026009204918892
 0.3001185863428441
 -4.684120229095777
 4.804147597132126
 0.6389894867272625
 0.4163232006201112
 -1.108636424131628
 0.7304832262097506
 -1.16317731288618
 0.283463091250174
 -2.241079088373895
 3.606624548042211
 -1.859627511130356
 1.353894468426498
 -3.59957384548667
 2.767369265191006
 0.4529310586373466
 1.30026300724544
 -1.463032448723419
 0.1071424522633512
 0.8582728942972486
 -0.8919362225781272
 1.016706919545966
 -0.6901087042725212
 -0.9298028498933071
 -0.5084998108397473
 -1.069006125621239
 1.500226830361176
 -2.829457455903726
 2.901441877159249
 -0.555427847073007
 -5.888324154824926
 2.44993930876978
 3.299625681642893
 0.689663383436975
 1.710346622194405
 -2.538426651084513
 1.315010131483579
 0.7477399719537623
 -2.548298315991186
 4.191091018014093
 -2.656152622271707
 -0.9122379525898171
 1.349420868592192
 0.01154955803805895
 -1.363821160656546
 -2.260359836455545
 0.4951845521842478
 1.654513605210195
 -0.2065626217171436
 -0.8335511781258191
 0.5975690432869616
 2.331736553320197
 0.07929335992949216
 -2.576458048894092
 0.8961480474391322
 -0.08632788764567791
 -1.585520679053751
 0.3408099258607569
 -0.8569173155230487
 0.3759754926153283
 -0.6657316572791389
 0.7689369803869266
 -0.5144277808144905
 -6.251589014705258
 -1.746046141901053
 7.913408008591851
 -0.7238785181589074
 -1.337980447154306
 2.224501058936856
 0.2005457032860359
 -1.123318758592012
 0.6679815490053347
 0.8482498058710715
 -0.1926116086386432
 -0.1990995716825589
 -3.291977745496117
 4.643519075503124
 -2.590018672789994
 1.249952712365782
 -0.968411545434253
 0.1198022787097319
 1.42082310938682
 1.177978759861657
 -2.577841780817161
 0.7419578443954354
 0.9489446191349762
 -2.281171650978085
 1.837723209849817
 2.732778218373485
 -4.858991954673368
 0.2880524823602884
 3.876459608122722
 -4.103766620617345
 1.388424668842561
 -1.332535693387078
 -0.3740013115671584
 0.7647914382715926
 1.055560744373337
 -1.646514454776824
 -0.2801794596651532
 1.87843290980649
 -2.331608125687627
 2.018890168360914
 -1.37930906494643
 -0.5857935247852974
 1.596779447665409
 -0.1021410560309233
 -1.298269081942831
 -0.2924386706312584
 2.021884799141782
 -2.247968206576193
 0.6936061897539793
 0.5071708534287919
 -1.241902951585442
 0.3200337974643435
 -1.369793344806574
 0.9874919136483792
 -1.581633395674605
 3.612059070401239
 -2.404098293344728
 -5.873542767812689
 2.718249038405892
 3.602843930892041
 -1.675819814032821
 0.6826201391934428
 0.8898186865103188
 -0.2216511424392371
 -2.236411767933394
 2.672705292717104
 -0.5947108191384917
 0.7267596150287835
 -0.5266696838003946
 2.228699190308075
 -0.07944445711517589
 -2.680370341648685
 0.1207952969054037
 -0.4176476854780478
 0.3189826251021282
 -0.3068944863625626
 0.7830177524437448
 -1.118747071723003
 -0.0999854071692579
 -0.4761221575320367
 0.7779405707978686
 -1.543433660831402
 0.8092661016730852
 0.6219380102009597
 -0.2071338679841147
 2.09956764446442
 -2.288000673708988
 0.2163243622275482
 -1.593227913365539
 1.220814612146374
 -0.1510734088649122
 1.113714910392659
 -1.318806834546596
 -0.00747717667028364
 -1.020065734119173
 0.3716349941652268
 -6.141885594468713
 9.675658054898401
 -7.948493077232216
 3.256822668046019
 -6.254111701181332
 3.996001868262353
 -0.4042516646446841
 -0.7792189502369589
 0.6565461733456593


