# Created by Octave 3.6.3, Thu Dec 13 17:48:28 2012 BRT <root@ubuntu-VirtualBox>
# name: params
# type: matrix
# rows: 2307
# columns: 1
 2.356188083027412
 -0.9835157449833503
 0.09909929495576589
 -0.398476988220155
 0.1239397181675501
 -1.295909226034739
 -0.2448090228757756
 -2.144546147620644
 1.698003188767206
 0.1235332528666324
 -3.310782137250534
 -0.2863132677421421
 -0.2187007287700339
 0.0985693271798526
 -1.694837092259578
 -0.01450896330278758
 1.336707622626592
 -1.095590114182353
 0.0122145809516197
 0.2978133638676686
 0.3983902703228115
 -0.1603246242882666
 0.6203933176704401
 0.3654134899750957
 3.074757199085475
 2.209038591971692
 -1.506962681875844
 0.2151273803908324
 -0.04437238025506555
 0.1141321329482073
 -0.09200351311703095
 -0.01052171038840604
 0.8862831599066412
 0.1194895604629485
 -1.544533087624947
 -1.808654968336989
 3.386955498430834
 0.3703972233982604
 -0.2814303601454922
 -0.1762760413301461
 -0.1194324614216222
 -1.572147718619407
 0.09028301996789023
 -0.3446216131129866
 0.9043909943312617
 -1.683911914840868
 0.2813061751112259
 0.1689800652207729
 0.4993656300484719
 0.2824031173340187
 -0.5770026394226112
 -0.4505241066935434
 -0.04313844416859038
 0.013888163388317
 0.2989387715014578
 -1.337449965928943
 -0.1186214766307443
 -0.9931625097304806
 -0.6940335969311575
 -0.08657069705546426
 0.3262584328861101
 1.172369317635485
 0.1430491259924978
 0.8353174778461173
 -0.1255254365353232
 0.2903301673508278
 -0.04203733722926283
 0.02356498998574348
 0.1105293734704894
 -0.1608627542927824
 0.01482492128145915
 0.06074045463806092
 -0.4364866190547063
 0.1561728984408173
 -0.3022712336914882
 0.2469795711695365
 -0.1204927247158809
 -0.0653418682412395
 0.05216397831838022
 -0.06752983866354084
 -0.1081778226900542
 0.1745069282263545
 0.09092308433517765
 -0.275251969741058
 -0.3356313442803702
 0.05518070515252633
 0.06796742168427466
 -0.1059051742530123
 -0.07652259278432938
 -0.1327048233177748
 -0.0289091821977769
 -0.2068237310540793
 0.1142264563460093
 0.1439865197460369
 0.1013719929300395
 0.03392359724348641
 -0.2051553314808993
 -0.1729381777511813
 0.6290301619218864
 0.06013102235916257
 -0.105010811883325
 0.1969442167976856
 -0.1001642766951828
 0.1769547286319954
 -0.2257212741437958
 0.276288895600926
 0.08472064798849047
 -0.2281204903662075
 -0.08596827289919207
 0.1007266820455896
 -0.06147258146562146
 -0.4004799000536506
 -0.04205059250829338
 0.05414955012378023
 -0.1808770752262952
 0.2263000130016043
 0.1401979015943531
 -0.04038625928704642
 -0.0688652479986903
 0.01146579383366515
 -0.1492943679838514
 0.02068065940225117
 -0.312109417589269
 0.06326033830106613
 -0.3385104051656038
 0.07241974947980247
 -0.004087405241918543
 -0.2544044499778612
 0.7809012205204579
 0.1433470086976488
 0.3270276534376546
 -0.2065572080040218
 0.1681863438122475
 -0.6165248132321419
 -0.2915252143770996
 -0.3987256871482973
 -1.258298078538233
 0.5658683863148773
 0.7595139029580326
 0.1798701371011277
 -0.2409521584898784
 0.0177281520983603
 -0.3996281331379529
 0.2075585548380442
 -2.017626508854879
 0.3428141941507126
 0.4699826353434228
 -0.137976854853962
 -0.04650487502402564
 0.01872810330923487
 -0.5407572183929221
 -0.1779324965587355
 -0.671688762692162
 -0.3653920693654651
 0.0349265628242753
 -0.164169510786328
 -0.2361467911724933
 0.1520755481913675
 0.1818417299612696
 -0.3510220107786039
 0.05201848072113555
 0.1499474665508328
 0.1814330858160185
 2.824859077652723
 -4.499362497437127
 -0.03199026086444005
 0.1511154731086811
 -0.2617862674392091
 -1.463539044297543
 1.04200365847276
 0.2152382521738369
 -0.1496958573716858
 -0.2351461163179892
 -0.8492946438089699
 0.1206771396533129
 0.04143734750867906
 -2.2132003801067
 -0.03659394794107527
 -0.8918522633494198
 0.0550567074875038
 0.1423023782928611
 0.1197654191032506
 -0.002118868712305292
 -1.325856849465417
 -0.1054534446679371
 -0.07106262321065744
 -0.6376220642636233
 0.2137771538689842
 0.2067570525912611
 -0.1524184474427756
 0.08194296782938996
 -0.4610055471744297
 0.0979794379512202
 -0.5450697131633544
 0.1214722010870637
 1.15199534864629
 -0.204790356482339
 0.3002291216715647
 -0.118806658924791
 0.5662133530481437
 -1.425083117819921
 0.2235998446980661
 -0.2830473591605878
 -0.0189382583642391
 -0.08316713742600586
 0.01935242683357096
 0.6788248109381573
 -0.004921562415621101
 0.5196460850968021
 1.676225825483827
 0.8047938423788437
 -0.1737688394369311
 -0.1969675131451039
 0.2858167577804711
 0.2578211354774064
 -0.2092145356007962
 -0.4796437751805531
 1.241380975251993
 -0.2289282592223004
 -0.236851576018946
 0.05223066946772356
 0.09392686708476884
 0.0700538435561749
 -0.7223333104037343
 -0.1647507318779677
 0.03560362996063126
 -0.2004470071486617
 -0.07298987320710237
 -0.5393902536585007
 0.6570151023554329
 -0.1721003727093156
 0.3321862622064548
 -0.3487909649191837
 2.593637467627711
 0.03922989529379323
 -0.4888310781114713
 0.4965203816021337
 -0.600945166189874
 0.06636582650690737
 -0.1539234406358033
 -0.5398236242532389
 0.2968395828243544
 0.4446834563907869
 -0.8597550297031975
 0.915128148963443
 0.2455993586567481
 0.3112288885250662
 -1.987510644703726
 0.01042694611234143
 0.1278132154288589
 0.6565839113795021
 0.04875316547901372
 0.1502747100220984
 0.4711559773393713
 -0.03239766782360055
 1.549904611286594
 -0.7023945204586601
 -0.7395194809069902
 0.2727201616467833
 1.00529398728995
 0.1655678023230584
 -0.6146430182143658
 -0.354251217593871
 -1.004521821735478
 0.2137972797206038
 0.1420150206855426
 -0.5451441270596908
 0.0006063313221831255
 -0.08070264681255465
 -0.2203253642068119
 -0.7073918062776652
 -0.1898142345213041
 0.7026303455858084
 0.9643813072046584
 0.3134784907880697
 0.119751998683131
 0.04240082114261805
 0.5011556451286778
 1.723221476901407
 0.2862263373889322
 3.534493426054146
 -0.8104995696128521
 -1.915451931916576
 0.158603505445377
 0.6494446569540478
 0.02855825427215435
 -0.1855487678343696
 -0.4902386042402612
 -0.2142893511003853
 -0.2558652535197347
 -0.8465778719962439
 -0.2747107470487533
 -0.1586240249431311
 -0.04424396555701807
 -1.732674270934472
 0.5228301516779927
 -1.31659367000547
 -0.3420198737077297
 0.08406892743512349
 -1.309199057164425
 0.6268288240055624
 -0.7000717160432526
 -0.5940381591209712
 -0.7247405850940947
 -0.4783801872994634
 0.3143846072673965
 0.8084308714978019
 0.1764871135148033
 0.4977366076421097
 -0.4473884419976639
 0.2979673583307386
 -8.231704440910002
 -0.006016195708523018
 0.3718295706419522
 0.0680820617469384
 -0.1539487674133805
 0.3989846750523717
 1.665412351816052
 0.1123251459804159
 0.6225841074461678
 0.1165199986891668
 0.3828139103100845
 0.08372191782548929
 0.05845627588766441
 0.1222828318657646
 0.2223016055043133
 0.1487002379214167
 0.2687039397437591
 -0.05613489550091633
 -0.07145015159197188
 -1.021832422103516
 -0.151678838832184
 0.2666339550869195
 0.07063999106650429
 0.1479236127426704
 -0.06596283014544627
 0.226918609772794
 0.1033906199581021
 0.3108442073187712
 0.02343516869480479
 0.1513480773706384
 -0.1960979482824418
 0.1063668256722327
 -0.03855511935501913
 0.3095490807620924
 0.1894780963709005
 -0.04801542554784152
 0.1148303934572924
 0.09420622918877458
 -0.05898029075263485
 -0.155984507360933
 -0.2254505054093859
 -0.1994993190911386
 -0.2097443958178813
 0.6754540769007366
 -0.08035182478094029
 -0.5423740496948689
 0.1142757025106256
 -0.0314163052508776
 0.0864322957336907
 0.4240690791600628
 -0.6589511927066589
 -0.1783353077120616
 -0.1788738178116419
 -0.3987393834128523
 -0.4066707048332485
 -0.1173723608540617
 0.5360964586757556
 -0.4623540362534261
 -0.1497207524835828
 0.1217299529813603
 -0.1612887258982884
 0.2400808706586283
 -0.1038219451150775
 -0.2640260510723859
 0.1233076116976156
 0.004139208512196761
 0.1208309249233769
 0.07166278627021347
 -0.2010876986354554
 0.05224768153880425
 0.1784048609692398
 -0.06945783128547703
 0.7224458377432802
 0.1974515184308637
 0.2357236198989054
 0.01993169591810165
 -0.06580615596398107
 0.1552241018654175
 0.2408097973022458
 0.05812861078327641
 0.3793391377907152
 0.02266897876601807
 -0.1573874069200347
 -0.8086704825216601
 -0.1650137727540128
 0.2445204719933071
 -0.05382588928470544
 0.2535960511418823
 0.04087172738692491
 0.03669648055464437
 0.08409354166257729
 0.1422218800892392
 0.1137220986096257
 0.03709781862432198
 -0.113678284492032
 0.02679834436450189
 -0.118270451785718
 0.1333968475297635
 -0.05475483565439652
 0.07746337593964843
 -0.02004790436266502
 0.0003398154324596536
 -0.2501005834037013
 -0.1345625150432532
 -0.3208977603740621
 -0.2673986202676597
 0.01583269170658677
 0.5829331646672977
 -0.1092102452909431
 -0.4444110467637281
 0.0904180347674399
 -0.05299637309495428
 0.01751218924727629
 0.3393264879740751
 -0.4529048364455599
 -0.2285131652814516
 -0.1016636692567935
 -0.2918034132963666
 -0.4549694592084603
 0.01335716544556357
 0.4991773742851788
 -0.466724959978741
 -0.2629723580558571
 0.004513467663962146
 -0.09700710691976371
 0.07619346138159203
 -0.04546583864345253
 -0.2390723425794221
 0.1561592082759168
 0.03107663867886644
 0.1995411061576511
 -0.1163065136577942
 -0.08880087762527891
 0.04041598087760407
 0.0749944534818178
 -0.1638701210445071
 0.5282555090401267
 0.09101589736907495
 0.1703562536349751
 0.09381696554821274
 -0.06477613648919128
 0.1394822297978336
 0.2784315706637219
 0.1225454226252484
 0.2586670777155409
 -0.2244256851097728
 -0.08228935397471909
 -0.5055150899066141
 -0.0007916210516625624
 0.1825268779789314
 0.04048618202903215
 0.1903450039846275
 -0.1550141380440836
 -0.008195980766990978
 -0.03344261611590241
 0.1894309524047331
 0.003045502145076655
 0.08331191193669185
 -0.07089128367555912
 -0.1285028784164807
 -0.06378483502146801
 0.09378194781581439
 -0.04773899031544333
 0.132290929440268
 0.1352307356177798
 0.1711673263315718
 -0.03556326654858123
 -0.01079993869062573
 -0.2298067918900991
 -0.1543113805985558
 0.04534936534607659
 0.6573840090548468
 0.0829000138367082
 -0.3663345390846325
 -0.06110919544533309
 -0.07089556993323785
 0.1308785387360817
 0.1993834535998973
 -0.3276386115779721
 -0.09949460294792827
 0.04676211276924835
 -0.2639750858470133
 -0.4414601978275992
 -0.006530935844646328
 0.5007090708864718
 -0.3283356072454053
 -0.2206391973686956
 -0.07645387586772794
 -0.04131860817168992
 0.2523791574777132
 -0.05632670343342464
 -0.09822879313220252
 -0.01185398587071312
 0.06708493218119414
 0.15763488096688
 0.0492526499843295
 -0.1009693071995776
 0.004036715439631486
 0.1049534964392249
 -0.1349441163360853
 0.6413471894396435
 0.01554262445252707
 0.337680772187797
 -0.01313987669351522
 -0.03841840011912548
 0.06682733530242427
 0.2554234765582069
 0.07000604846981694
 0.4001153615901274
 -0.4467460308012226
 0.005028554237470796
 -0.01372473302711774
 -0.1327585732763294
 0.07312362980806257
 0.1289446223072776
 0.2433259729457978
 0.01744190844319791
 -0.2230787470766614
 0.04393052399180601
 0.1595419671118435
 0.03813295893582939
 -0.07820599377210533
 -0.0166550758159261
 0.04411279549542245
 -0.06638072136902465
 -0.01382908491359827
 -0.04337606461010105
 0.1978322986415329
 0.08467470745331004
 0.1093599267990191
 -0.1268795350920804
 0.05697258808373776
 -0.05933636180773959
 -0.1615392224361934
 -0.1175066558710594
 0.5444166119432925
 0.2000990443639168
 -0.3100413001410137
 0.03679506498482307
 -0.1158554604395811
 0.01875248798782379
 0.2387278880940477
 0.04546085939155763
 -0.1012032652138003
 -0.0230477928920718
 -0.2106490715243911
 -0.4133837532940003
 0.094434557418797
 0.2029412907548247
 -0.1638152082123972
 -0.1707579566849359
 0.09427728802196038
 -0.247929954658571
 0.009878786492987381
 0.07143726427885796
 -0.2046901035033141
 -0.1797448427684071
 -0.03372749701244125
 0.04701377854490967
 -0.07508535328589867
 -0.08352655651519639
 0.1271800523164731
 0.02170656939695798
 -0.09442822687093959
 0.5293522013272133
 -0.0338337617067973
 0.1712754177529673
 -0.04311616652949992
 -0.1572765776302073
 0.1509605510326142
 0.08936073197747192
 0.1178359668717315
 0.5490980663793785
 -0.3565762744484759
 -0.1126172636815014
 0.3156498136911958
 0.07994705156572367
 -0.1332663543952782
 -0.06143223788151522
 0.2851779528649258
 -0.03518195057351815
 -0.3774055416653289
 0.07707804269901725
 -0.01803716704284185
 0.08565084744921746
 -0.02224717248518236
 -0.2141625102059868
 -0.1098369410161602
 -0.1737051506952225
 -0.2032996799053147
 -0.1389433943173242
 0.1785315193031801
 -0.1486728932538568
 0.07376495045919787
 -0.08109260877574745
 -0.00753008282577793
 -0.03719932089086057
 -0.07266983815106334
 0.09400494523022722
 0.4977783657362131
 0.3651682392288566
 -0.1761145230190513
 0.2252843736215324
 0.03533567974460432
 -0.1066945887285607
 0.03578440222895581
 0.1778221167775838
 -0.09077680465192511
 0.1302664170493219
 -0.1460767169808779
 -0.33357345076832
 -0.09913349396140084
 0.205940782201694
 0.0480976019733431
 -0.1696759311605383
 -0.09528659153787424
 -0.0487157251548568
 -0.02436678555222121
 0.04848561604110984
 -0.1831690462170171
 -0.28368322004284
 0.0725637653687435
 -0.006126945123630699
 0.01708528709132287
 -0.007973937558904402
 0.02487001815226478
 -0.1068070820323122
 0.02292913164485369
 0.4232982041062036
 0.05374906407255782
 0.2069395414018183
 0.11412808672841
 -0.04832492440572692
 0.1181863313637195
 0.1314779689455367
 -0.06310922981208068
 0.5086977894649651
 -0.2793529321155714
 -0.05999803293345982
 0.3762334371049341
 0.06540097875634472
 -0.1992426758746482
 0.05503461664411408
 0.1408727149249026
 0.05806588404907945
 -0.3974111678044935
 0.07459083112027402
 -0.06679750600877106
 0.05958984561843107
 0.0466595352474275
 -0.1124422778399097
 -0.08184425429248408
 -0.01881126773651842
 -0.3289113958397055
 0.09986465855812128
 0.003664725387124586
 -0.1185673116220648
 0.02617970170363799
 0.1108416634575529
 0.1676500846156905
 0.009961895765445717
 0.1857525811703264
 0.113554073968186
 0.3430241773547072
 0.4999666232361094
 0.1921968897085796
 0.2365438467797042
 -0.1026129716604406
 0.07783593703149616
 -0.02377490352383412
 0.6029581923470311
 -0.06563474912339096
 0.1497452124466934
 -0.06845391503073184
 -0.3058952689384762
 0.1030095973909302
 0.1570632849266406
 0.3174436471172936
 -0.02112796013068664
 0.140279333397654
 -0.02062774303865661
 -0.1848070797274531
 -0.0108661019124334
 -0.006480002590267542
 -0.4943822185235176
 -0.08057516844815192
 0.005512290285562804
 0.1457601398211532
 0.1016828474334939
 0.09025404842615875
 -0.02878135362653501
 -0.1030086385199662
 0.2864332151154442
 0.08744944786006424
 0.1297188614250405
 0.04215768508656709
 -0.003428411274655737
 -0.06530610708892857
 0.1784553436638316
 0.07882865369452242
 0.4629662463259973
 -0.02728451096388364
 -0.1051267601092403
 0.2700268130058481
 0.03169340948135904
 -0.04131082481085692
 0.1010925747213473
 0.2163078748627664
 0.009494268585138613
 -0.1791914520337385
 0.245394063100564
 -0.03617970323851866
 -0.1747214418934198
 -0.03865380645465977
 -0.2328243056191148
 -0.0161974300269892
 -0.1221776164528798
 -0.3469967728880784
 0.1527338793616354
 0.142541695801622
 -0.0621249100458742
 -0.02352053564761825
 0.1558742794412426
 0.1869513096758794
 0.03822253821184229
 0.1052316887344857
 -0.02677033087251781
 0.4005712676511841
 0.3225470488716863
 0.4441327144749755
 0.3065938543948651
 -0.06685004245836898
 -0.06514966400571708
 -0.09688085256456293
 0.6422385751390008
 0.09775401557480659
 -0.0002554363089913182
 -0.06050923163631221
 -0.109240697540332
 -0.01514672767948571
 0.1092204385960271
 0.5044326685421362
 -0.01556914102051509
 0.07837365798400507
 -0.08466521875125771
 -0.2335958375314001
 0.2015838494127292
 -0.1277147327784912
 -0.5232294900725352
 0.04221992604011768
 0.04015581948197991
 0.0980593229339556
 0.1325740550247062
 -0.05707157353978348
 -0.215342115163074
 0.09402232556989945
 0.1640082665279171
 0.009237334219598915
 0.1131475650472515
 -0.08632464081927863
 0.0980227377738187
 0.04778147221371998
 -0.03642809707120675
 0.1828651252871997
 0.4102363233940003
 0.1326078352906204
 0.05289552854680871
 -0.245411385847066
 -0.003310211357080842
 -0.1371930478167994
 0.1150841878726998
 0.01485362223067751
 -0.003959547534228721
 -0.255572253622816
 0.2859505076727756
 -0.1720859742916862
 0.0297878994752656
 -0.02211500693094995
 -0.2422466244772559
 0.005099021655960165
 -0.1467435466710854
 -0.3407930093554359
 0.3571367417254626
 0.01052422780854942
 0.04789572281171984
 -0.01181014623077906
 -0.03771896051938523
 0.1903406413528559
 0.1545481747010121
 0.2402949901502296
 0.09426400645433722
 0.3085666184686988
 0.04710037346855342
 0.7399118652645944
 0.2086308147087771
 0.03924556939603713
 -0.02017238633011541
 -0.1670094787993762
 0.6043315904168711
 0.1802914757040397
 0.131126215452349
 0.0008673020966370112
 -0.1462105915113224
 -0.1135127110735364
 0.1339250017654266
 0.7653580831095751
 0.01042384532679922
 0.1256002787966976
 0.08852246472645309
 -0.1482605380125776
 0.0289509395441951
 0.04322351454222274
 -0.4682203070573769
 0.0761799339396223
 -0.1251170317204602
 0.199715260370348
 0.06040590756844717
 -0.1418956086600623
 -0.1297366383291231
 0.1179104909815998
 -0.1132506948967959
 -0.09850660715891008
 -0.1460251115272113
 -0.03477932496704184
 0.1363706581705992
 0.06310737842366416
 -0.116176430314728
 -0.02295144481837502
 0.09187146251705501
 0.2464363259986483
 0.003609440923686169
 -0.9454919436959924
 0.0002637711907855927
 -0.09325939023778022
 -0.1038823079550325
 -0.136534327528772
 0.008727615822800336
 -0.03078413776743026
 0.392106596764771
 -0.1519197632483374
 -0.129212153163141
 0.0843934168668625
 -0.1918497215276515
 0.07187992335185564
 0.04549528452056242
 -0.09463155389866108
 0.3600283379397527
 -0.1789469983115041
 0.03505134343514935
 -0.05463948599051426
 0.007233837190502929
 0.04731423168335964
 0.2543383673988471
 0.09957254462795374
 -0.05736072321510662
 0.329746202349711
 -0.2224544663616344
 0.8679384321539895
 0.402597367263461
 -0.1342796640764809
 0.06126404594232149
 -0.3250254474238033
 0.438136230767265
 0.1994629863200672
 0.009519444590841412
 0.1837420855236476
 -0.1492731563747368
 -0.02430233406419413
 0.2161352962397428
 0.7071518178595328
 -0.02284722235372795
 -0.1065457567956672
 0.09904680160730257
 -0.04231875770811523
 0.08185834263953853
 -0.06745141366424963
 -0.1512798395740796
 -0.01499097231542537
 -0.08179697519111048
 0.126540433404472
 0.1767176135755908
 -0.1410887387114921
 0.01245845535745056
 0.03452147374641425
 -0.2823642835573827
 -0.0406074742597674
 -0.06025250410204498
 -0.1362614007746384
 0.1315930781838809
 -0.05970217696661214
 -0.0716160182261162
 0.1627207170517464
 -0.03971524005949402
 -0.02830544688346551
 0.1372822968912297
 -1.28194921589781
 0.1650477900336827
 -0.245838330754815
 0.06839110320944523
 0.03582556137384177
 -0.05840235768124977
 -0.1139706455573693
 0.3663919580868572
 -0.07441793738804045
 -0.02914660934090553
 -0.006306285832496899
 -0.08263338874159601
 0.1277820277083817
 -0.06209935368133773
 -0.02362215893098114
 0.5609828627887953
 -0.1872789198784302
 -0.1382993138914245
 0.07368476383071285
 0.1475817797576522
 0.0126514412227434
 0.1195114640847478
 -0.06612650196599218
 -0.05318876243646107
 0.1048730788563554
 -0.4189253920346784
 1.03838983684667
 0.2966906502903348
 -0.05220207951907161
 0.0208905699404195
 -0.1831947775159462
 0.1094783549930572
 0.1312355606214325
 -0.07785930055303925
 0.1961975482098897
 0.08176692830555674
 -0.1739268067718132
 0.2010411255047321
 0.9342862683411629
 0.08833468232626271
 -0.1194228953241894
 0.03329291990695285
 -0.1294645651509834
 0.05050967269297689
 0.05405731812798272
 -0.03008713183228284
 -0.07068499147719927
 0.01979660292333696
 -0.04305496280373622
 0.045569196209344
 -0.08225036293039997
 0.1572692507251757
 0.1259560449080029
 -0.3135743167044593
 0.094989229980994
 -0.1899095189283335
 0.02680487209106904
 0.2622763040615148
 0.03495818563371882
 0.005340934852284541
 -0.00134722688041786
 -0.2650789037640306
 -0.2042656323239825
 0.1646170923170968
 -1.233860306688853
 0.1564505683780022
 -0.07680219267670453
 -0.0730894133633793
 0.003419607415258336
 0.02056480803250431
 0.09687030768212539
 0.2170011206864241
 0.04006092721856001
 0.01644037541686284
 0.04317848657995909
 -0.1246669960412575
 0.1228423920658313
 0.1523347007554161
 0.1463215054740952
 0.6897105891032026
 -0.2712899475005868
 0.05446176776078983
 0.01084430608823907
 0.07852367120704214
 0.05603014901410933
 0.05232228207607262
 -0.3339069227774634
 -0.04482158119054313
 0.04363494482321886
 -0.544992989867042
 0.8146943095399439
 0.4839734069835849
 -0.09994169479261074
 0.0001289929324169103
 -0.1088365517960652
 -0.2766299729214302
 0.01276326372580856
 -0.1873018484776888
 0.2003881058818224
 0.08697629638419659
 0.01722218627538701
 -0.01524485050216529
 0.6333452088396827
 0.06440277202674602
 -0.1643086243227176
 0.1701764422153491
 -0.06009305816513082
 0.04237265072837845
 -0.02495695324924161
 0.005550260164701839
 -0.07151500340250135
 -0.1883544896090747
 -0.2263272743871182
 0.08906878383527765
 -0.06717964627622025
 0.1748608567400186
 -0.06451056531843452
 -0.4283619106623592
 0.5187607730230497
 -0.1040857993391398
 0.03946857467059853
 0.2207394878755221
 -0.1676167619643455
 -0.1259109948860173
 -0.02840593959657725
 -0.4469658906884295
 0.01021188817164681
 -0.04803865326312539
 -0.7125542676700738
 -0.02164785908341035
 -0.009843144759250612
 0.01195214956365294
 -0.005505176907417104
 0.0754137232237634
 0.2151088388097746
 0.04782978462776683
 0.08419357714764314
 -0.1364909157699037
 -0.03861311479049223
 -0.04953093436891891
 0.1335024790380236
 -0.0003780935361949187
 0.148596925086206
 0.7756902430439343
 -0.2940584799073941
 0.08087794051944817
 0.05069829371065238
 0.185308443456659
 -0.03382942160733732
 0.03434601198262634
 -0.571500503823259
 0.1477533686484457
 -0.2472230163952578
 -0.2107169533623186
 0.4797058685975923
 0.3703482594141687
 -0.2314112681422213
 0.1266469192462503
 0.05733540889839908
 -0.8209922989121065
 0.04636806996126956
 -0.01078679140561513
 0.2334572596284161
 0.005288046298037918
 -0.06318482091338022
 -0.006311652499971433
 0.6389027216615317
 0.03589654721378273
 -0.1226229543532784
 0.2105840510679748
 0.1525176174730084
 -0.005217453372791562
 0.04502514595792238
 0.07481674011559045
 -0.09750353755670374
 -0.1459967266017116
 -0.189132114970603
 0.09516158909955776
 0.1341637548183735
 0.07126517852010561
 0.1399675928045327
 -0.3477559953407588
 0.670950117439775
 -0.1351616135418565
 0.07438322856052289
 0.1203182517314482
 -0.2431968865344146
 -0.1375011074326822
 0.07889569285034807
 -0.2838964417385019
 0.1204452169675107
 -0.0458773347435318
 -0.04543607365047218
 0.1310247327853955
 0.02941987914422174
 0.02677036734863925
 0.09497340944990992
 0.04827448678214633
 0.2843715193438859
 0.0069882909680623
 -0.06449591010533497
 -0.07826105016154429
 0.09540332295255438
 -0.09225149753560073
 0.1753826217404348
 0.07371561954619948
 0.01067920587147064
 0.5935595279594634
 0.01175584871493734
 0.03513762448854189
 -0.1523304338525242
 -0.06085220584738131
 0.08907896020647577
 0.04742242404391706
 -0.6872035800591603
 -0.0075057576493307
 -0.3386934487236765
 0.1380668247931548
 0.09059530634374258
 0.2637872568695265
 0.02027561291607019
 0.0560185958107207
 0.2470310308818459
 -1.061170084954689
 -0.08254825641445676
 -0.1586984507663098
 0.05271670015038597
 -0.06324916460950748
 0.1640251400583208
 -0.1301802373459987
 0.1977466462371536
 -0.06036548268654707
 -0.2401623966028947
 0.3697500729163777
 0.02873875674091272
 0.1338949536998404
 0.008272245572128569
 -0.218214873636244
 -0.03925086256370482
 -0.1859853889866269
 -0.3113996163542564
 0.1250856773160822
 0.1678096092337454
 0.2084039872446508
 -0.06290598643530707
 -0.3881832826134398
 0.5137410790608109
 0.007260235958001057
 0.0460790975695639
 0.05203608948859301
 -0.2925122821248408
 -0.1013821662475046
 -0.07424042163401906
 -0.2274837591305501
 0.1639731423530449
 -0.04403125862700915
 0.7421003068045886
 0.03727764956954992
 0.1324984236535994
 0.01573273317083283
 -0.09972042410541332
 0.1113242609506458
 0.5791598920734343
 -0.1195091476576186
 0.04182428861579917
 0.1035394801935414
 0.1411633606785228
 0.1200553296597479
 0.1304417759370389
 0.1618524119408516
 0.010991977356685
 0.1746318875212995
 0.08120264229353458
 0.01591216586865878
 -0.216332266381039
 -0.05091915257758745
 -0.05809013266696063
 -0.03323099488525021
 -0.6443450931587013
 0.2206764973311005
 -0.2728182813157453
 0.3128598014915065
 -0.2506355381387467
 0.03644742395677401
 -0.07531746666614109
 -0.005014932457438407
 0.3045172492829546
 -1.08879843216515
 -0.0005728120579631627
 -0.03256546982404837
 -0.06608625727096784
 -0.001660479641124764
 0.05450703558184137
 -0.100127232555564
 -0.2491459033416329
 0.003590311523754094
 -0.2488678064970741
 0.3997105937666257
 0.005436248235310489
 0.1020338508217972
 -0.1045527677501205
 -0.3608860749703304
 0.1444201393707878
 -0.2332233070655556
 -0.2329890025558632
 -0.06826397194482081
 0.02172406586599051
 -0.0113038582160739
 0.1012796050207152
 -0.1660762970134186
 0.07494027626376698
 0.01980242551928349
 0.05448036340660364
 0.05098945717695089
 -0.1838494263374333
 0.05332197674561786
 0.01899930171464907
 -0.1394769547014496
 0.2666140213431576
 -0.05862445086971036
 0.8240462838866752
 -0.2751784700992436
 0.1957605027627856
 -0.07836996960865066
 -0.3072195591358005
 -0.007664500159160129
 0.6485835303642546
 -0.2292294256273144
 -0.1234763392947826
 0.1909192839125655
 0.192428138625804
 0.08704009687150618
 -0.03325537650984763
 0.2452690409860508
 -0.08251615908370966
 -0.4799825673447192
 0.125055795412465
 0.1027471648682931
 -0.1561682328593205
 -0.1681863933148741
 -0.1295489001443583
 -0.1506231017659879
 -0.3290747932779924
 0.1578330830757521
 -0.2023075755145531
 0.3460810020013602
 -0.2812091579362897
 -0.1912431513585015
 0.1594725888809711
 0.03248997101554241
 0.06032282545851835
 -0.8033590625556627
 -0.2690467824911232
 0.1100018347327822
 -0.2644882823661921
 0.2060392679443637
 0.08818230026157627
 0.04608010103453827
 -0.6117975572387785
 -0.01264021211028445
 -0.2879047093735431
 0.6473651087887128
 0.07509268994652837
 -0.02331577364918219
 0.002947621574140614
 -0.1944298835270058
 -0.04255710638931617
 0.02522726682331548
 -0.08852210601882896
 -0.03462989021527445
 -0.06775879680319891
 0.05850632546180434
 -0.01294225411471243
 -0.1503434157333114
 -0.6142809977636731
 0.05006103173439586
 -0.08942727949942611
 0.1269126817202727
 -0.04430667719632443
 -0.2225295181678017
 -0.008994092967199243
 -0.2213992761793076
 0.1720310840958236
 -0.09386693494996742
 0.005172838484647835
 -0.3030674268462992
 0.2061555677236026
 -0.0716238537176835
 -0.6745729250290187
 -0.1255541194076836
 0.4450048615872503
 -0.01866737114302488
 -0.0938861433203791
 0.2206234947244865
 0.1896797609600666
 0.02674451052534087
 0.0914641353263649
 0.2229265884394545
 0.2022080872698435
 -0.8502132286262932
 0.06679607589094635
 0.3383882261462255
 -0.01196150053877983
 -0.2079543531939224
 -0.0760798648559563
 -0.02378350018335009
 0.2034141461897842
 -0.1039400246189945
 0.01446087914733413
 0.1269031013421943
 -0.1949131173505153
 -0.2725549375469508
 0.06159475822026039
 0.02601735019084682
 0.1171578880600375
 -0.615408907447236
 -0.1202410886737431
 -0.02100442412200149
 -0.217822203182817
 0.2796324997274709
 0.09800204920663175
 0.3739761338380399
 -1.052904342495459
 -0.07774208664920727
 -0.2617712403699168
 0.6403749386887561
 0.1204638350951859
 -0.1215883649750565
 -0.05318737780032366
 -0.2142873038993295
 -0.1070896898277271
 0.053397055946133
 -0.3186522563908364
 -0.1480857578569645
 -0.1530362067705993
 0.2200971299434711
 -0.1529756802683959
 -0.1904880772451051
 -0.678702435338266
 0.07414142827749957
 -0.2325986332846686
 -0.003738620382258752
 0.06327192811720728
 -0.3165535868803077
 -0.07209767213416288
 -0.1884960310399789
 0.2092046711555978
 0.03351471114874995
 -0.5255750256565169
 -0.2987159132352558
 0.1169054692689289
 -0.07805547824677167
 -1.195190607166614
 -0.2342659432481304
 0.3067820690828424
 0.1099480626685965
 0.06725365856647463
 0.1590525975114637
 0.09309712834914147
 0.1666937529665726
 0.182949679535619
 0.2558189000401202
 0.5329814280500922
 -0.7703962035220393
 -0.03001269434248388
 0.3499346081420839
 0.1069524804536782
 -0.1293061767356224
 -0.3352046855734128
 0.05864283660159634
 0.7173324111358552
 -0.171899857814953
 0.160244305613313
 0.1918273249769965
 -0.1895924474862167
 0.1046369888839726
 -0.06053438551152568
 0.06172907232447816
 0.3087016752487849
 0.4431072379436761
 -0.005470109538246188
 -0.05805247494779713
 -0.04733446641110062
 -0.1090050797812923
 -0.2137157621704674
 0.2872054325408164
 -1.078637026566736
 0.02427514399656039
 -0.194055296179241
 0.8211716551171174
 -0.05019922886921831
 -0.2007484810325676
 -0.04067630473978179
 0.06155997380131362
 -0.01434371438582291
 0.2151878315779323
 -0.1896435327142048
 -0.2433155098351377
 -0.1200059204268979
 0.2107259415947288
 -0.1533338035592389
 -0.02730616188692549
 -0.1816804112059179
 -0.2461469702609927
 -0.1066340037019882
 -0.05282845349445148
 0.1018056598144963
 -0.7152926656240433
 -0.1495880389990464
 -0.3301251381225226
 0.3093224417414515
 0.1074851410045273
 -0.1305131506364461
 -0.1445028004289334
 -0.1447473627002292
 -0.2183334789245471
 -1.509383658656747
 -0.235607564730129
 0.05678758626731498
 0.0311791504095104
 0.06627921631090919
 0.1422595499076802
 0.1895593514800515
 0.138731071431782
 0.02849649544848966
 0.1518689280005702
 0.6257522035504804
 -0.5741025704666468
 -0.35986431519499
 0.2665565556609511
 0.1273539664853413
 0.07945272158771466
 -0.2102981882552834
 0.01869389046766823
 0.8228471399184694
 -0.2207469141773417
 0.1712132208237451
 0.5219633833217077
 0.1377068730223042
 0.4936482345142166
 -0.03715966516363016
 0.152289422502988
 0.5971710615257412
 1.187936236507343
 0.04410781695062511
 0.138315846477352
 0.2038698729186917
 -0.7142749168087759
 -0.169522499769916
 -0.1253872474108271
 -0.8196535962639759
 0.1002679993164307
 -0.2480237888123079
 0.8009027485334427
 0.100894312614369
 -0.1031553857700954
 0.007482124151434957
 -0.16392787469931
 -0.1287759280633962
 0.04008038966957383
 -0.2455952397494808
 -0.0657698885192383
 -0.02260563229578596
 0.02999107650181962
 -0.08739773484988587
 -0.07726877700507256
 0.4272402581951529
 -0.3097089410410773
 0.136310423997749
 -0.2437078209395317
 0.07854784976754271
 -0.6246960398753142
 -0.2286486542552063
 -0.158631212949438
 0.3669505074099336
 0.01378959699627402
 0.5286489865560271
 0.1976397023995346
 -0.3221004962469269
 -0.0804156244970403
 -1.357464964060139
 -0.05357152243452566
 0.02395502281013737
 -0.08477748311478971
 -0.02243982820561131
 -0.02623726835263099
 0.1624186959234618
 0.2207756322308806
 0.06462235857598099
 0.2252698182627168
 0.3910635841994317
 -0.1350071342516208
 -0.2577299005219179
 0.0757776953666164
 0.09462037146933194
 0.08346098707329218
 -0.02359539403903466
 -0.1373456941113946
 0.2652199939598806
 -0.1006022119704844
 -0.2247882773275907
 0.3533330247961975
 0.511479435163168
 0.8167211350868007
 -0.008124599869774795
 0.02144803320793921
 0.6464389184901355
 1.312611980846063
 0.1936985590890632
 0.02795582057808812
 0.3000795915648323
 -1.160925354945159
 0.01984070851266519
 -1.12894606215318
 -0.401997448585718
 0.2536422697939323
 0.06852269746388419
 0.610556333401272
 0.005925259503830285
 -0.1620924759999024
 0.1771884565542541
 -0.2401755679566077
 -0.06893341767219345
 -0.1904230453740779
 -0.04434396787562877
 0.002512310685079833
 0.08616166708764313
 -0.06917473301860709
 -0.03817180791513464
 -0.1601138435708757
 0.2920642602307556
 -0.2670084508921975
 0.1661521228973194
 -0.1000213017051621
 -0.01247862684863891
 -0.3598842573959096
 -0.05058728334877657
 -0.02632804847971292
 0.5188444618968274
 0.02603586433672053
 -0.1065406510616695
 0.07532653071203967
 -0.11217868502703
 0.007683791906146798
 -0.5689386114420689
 0.005811390806581974
 0.2113464062014574
 0.1431385322520802
 -0.00884033426269373
 -0.06257946399839964
 -0.000892456980257127
 -0.02538980125685413
 0.1999026492368819
 0.1432798341584564
 0.3598412017424536
 -0.1171032319281949
 -0.3668834189547997
 0.03344723496015521
 0.0007794181004623485
 0.003575997474822198
 -0.04614927974403241
 0.1084317691224396
 -0.2439296155470461
 -0.01836419416880612
 -0.3152622843621589
 -0.6385485772589964
 0.7059338639735214
 0.6129389412644615
 0.01508418344844106
 0.00613649409530985
 0.6167695293458648
 0.935804155338974
 0.174997396163511
 -0.1480597613809459
 0.3020972675788289
 -0.691418485965127
 -0.1007599489450392
 -1.669461491036419
 -0.2942909710785543
 0.06032468918936371
 0.1551556942628068
 0.1683163243231734
 0.03677142174596569
 0.003074415625547893
 0.1425565461830148
 -0.05739159490208103
 -0.09195719753456877
 -0.01798091684787315
 0.271351120748404
 -0.01108588158128714
 0.1305274532982572
 0.0409368434132578
 0.1264283717379637
 -0.4982185338375991
 -0.6236947412467815
 -0.1163991290005715
 -0.1512092027696477
 0.283500909187957
 0.1196339006126011
 0.08562905952660824
 0.05271666756412869
 0.04387425732740368
 0.5781287901196521
 -0.09829031539347527
 -0.4233255512152087
 -0.06076381751699919
 0.06847256144351703
 -0.01242871553139198
 0.1385973085337321
 -0.104302459354348
 0.1928041422939696
 0.2595267748008079
 -0.1334897171769036
 0.01091552757956409
 -0.1675515384788073
 -0.1695406291778284
 0.2269914200824508
 -0.1010156702109453
 -0.3709579023296816
 -0.7217373965851749
 -0.2177961315963306
 -0.08604035200686
 0.2494035381127042
 -0.1288194338987226
 -0.08471967119214693
 0.2473904554238874
 -0.04158762183797199
 -0.1456055215724692
 -0.09633215221848364
 -1.240405524367413
 -0.358039702838553
 -0.03795661309294212
 -0.3601932380269948
 0.2238744220170271
 -0.01817215360396972
 -0.0525797353585911
 -0.1459432143379168
 -0.2222277826504357
 0.002844248213449905
 0.2673026798775302
 -0.2553447076582655
 -0.9845196111592253
 -0.3551491869366369
 -0.1116753310864228
 -0.1720096779174277
 -0.4386937955193123
 -0.1229054768718098
 -0.1724883664606524
 0.06633041304972294
 0.5172867593423971
 -0.100089550779162
 0.05542246206953294
 -0.02755945351257526
 0.04922979733670824
 -0.002076166574239482
 0.0614738865760265
 0.03678213858214936
 -0.268512551659871
 -1.096423069518647
 0.06510770347863409
 -0.04976418180259788
 0.2843844267520337
 0.1569657806570892
 0.3624466222068957
 0.06536259667221683
 0.06510856491747283
 0.3649823995153175
 -0.079649519918149
 0.2290458133544046
 0.01210620280097576
 -0.1336445240629914
 -0.135489007001608
 0.8393717731614428
 -0.01734940279702462
 -0.0894994139447072
 0.3190544409936569
 -0.2352008374410659
 -0.180195104394056
 -0.3094004668692514
 -0.1939035088683038
 -0.04807152088838955
 -0.3824734848606242
 -1.295010670426168
 -1.607832641077077
 0.3581302076728076
 -0.2027477774873031
 0.1209924691359823
 0.02564446097610136
 0.1070177590159288
 0.2125687315592183
 1.064357928546229
 -0.04099567161777644
 -0.04341372365595231
 -0.1100865741056339
 -1.542262504527043
 -0.8160343825912136
 -0.4389843338396504
 0.01948633181301323
 -0.3727384189866056
 -0.3712818965915997
 0.008440535788674066
 -0.3113021453025202
 0.006239470017626065
 0.6852401833540539
 -0.2248786430432856
 0.3317659142391308
 -0.3894053994229407
 -0.06141855754962705
 -0.3558167865143754
 -0.8479699479104529
 -0.1600919231815687
 -0.1667594623128404
 -0.03521291716881345
 0.5586168696195163
 -0.03861905819845143
 0.108860783178825
 -0.3322572120017094
 0.00560118942179276
 -0.09912417470125939
 -0.2403500612754522
 -0.0991019522409462
 -0.04472588232649754
 0.3787968285438162
 -0.1096491007461519
 0.1212561366596548
 -0.1257897493740239
 0.282084543829062
 0.3429431648975509
 -0.2524484067206477
 -0.1848662831044499
 0.08631176897754844
 -0.08176754784731537
 0.8305167384838698
 0.1469830340837425
 -0.1769373054343842
 -0.06015006016612442
 0.7793730694382329
 0.2809628587148032
 -0.3368535012087435
 -0.08787973171695915
 -0.204376723645324
 -0.2611257052789959
 -0.339254700821609
 0.1024275579774127
 -0.2172500194521179
 -0.4258783989918657
 -1.527663206426475
 -0.8059296046544961
 0.712504139144775
 -0.4244256873557299
 -0.07792465879773698
 0.2705590491405108
 0.1445985775139109
 0.08625362985773702
 1.358139494708127
 0.0666469754817476
 -0.225425569502005
 1.469771419466376
 -1.340802050790678
 -0.8503028800779949
 -0.0250963639211838
 -0.1923058127667381
 -0.7579367858595181
 0.2797599255761978
 0.239365462856311
 0.1184659382428306
 0.122395029083601
 0.4112093330069952
 0.1287388542722801
 1.129510981446804
 0.1741542237616766
 0.2098844340580287
 -0.5824088934487525
 -1.006121236700674
 -0.1966580116989017
 0.2191313655062704
 0.2315000477649074
 0.1584775867487694
 -0.1680724218735564
 0.07237900659050346
 -0.3126009967117607
 0.1174307201016085
 0.0620389962010752
 -0.5484307500421274
 -0.05414906177595843
 0.1576348082397307
 2.011797307944954
 -0.1884475588711639
 0.08503984527048532
 -0.1921654950292443
 -0.01730393398323488
 -0.056294298789129
 -0.09569235338097601
 -0.2559755670239878
 -0.2082534110387044
 0.1466690530545389
 0.2051731716630789
 -0.002894041504648444
 -0.1176350141351588
 -0.0452568818445159
 -0.028166915434808
 0.07052415700367642
 -0.1666412635163363
 -0.1949126511818662
 0.01551336450489316
 0.01196135096144791
 0.05234706768547805
 0.04345783225364341
 -0.208526956537817
 0.1025738500289659
 -0.08588075213491718
 1.8335500828602
 0.2330524890266301
 -0.1225144225422119
 -0.06785165949356199
 0.1307610758629343
 0.02574182409371715
 -0.1027783281238792
 -0.0767303632197346
 0.1508558774892958
 -0.1758392645006278
 1.736308800215704
 -0.1102910538524316
 0.07563316834784617
 0.3734031537931184
 -0.104577972465874
 0.1543753965678166
 0.7301241193713508
 0.2327267385449296
 0.2317771410615007
 0.08797672747648289
 0.3237341690359844
 0.1295071719744018
 0.7746337118659379
 0.3839949822948944
 0.2450882003055478
 -0.2770510763802055
 -0.5887709094590751
 -0.06441678774144116
 0.07190439656198641
 0.2715645328829687
 -0.2840110107353916
 -0.04671002559480877
 -0.4928901113854113
 -0.3456192634692891
 0.2310603457019585
 0.1072739223983208
 -0.2025810403076457
 0.03430798999002554
 -0.05327119274717669
 1.00423030291607
 0.04380630818543295
 -0.2012130323073859
 -0.01509391987632779
 -0.1508904444963569
 -0.1856639819183034
 0.3391723710612796
 0.1365981591404056
 -0.3506332348642944
 0.05519162726841597
 0.1727250580468927
 -0.1900777010474219
 0.3266904043548893
 0.09400673513126563
 -0.3271300984925246
 -0.1551444469628621
 0.08322417338753094
 -0.1953689206222681
 -0.1580136740293876
 0.3206687547782747
 0.321768483955334
 -0.006289197031705251
 0.0567015800042462
 0.4676765079664535
 0.8848656610731667
 1.882767623368893
 -0.1152494852037145
 0.4109347406922511
 0.1392107922382028
 -0.0644188518587453
 -0.2709482132415685
 0.1818308236397605
 -1.042532275896784
 -0.08003668430209493
 -0.1748952131379893
 1.317164868181813
 -0.03020026083427697
 0.5812301239716275
 0.1173051586544158
 0.1408528556815382
 0.7922531083251014
 -0.2329307803114554
 -0.3607922080717316
 0.1874414669058567
 0.08179884154561967
 0.7675990364169466
 0.1293056804213051
 0.02772934636681204
 -0.0760836529513263
 -0.145683242773329
 0.290407649223396
 -0.06134107660105696
 -0.02455750581119575
 -0.166104538711605
 -0.07422538214809718
 0.6492101298185304
 0.01476934753209111
 -0.4678299177265187
 0.03444783615054318
 -0.32784032579128
 -0.01970227584158358
 0.3408753118926008
 0.03803210320044484
 -0.367890250218586
 0.8845505349121371
 -0.04244379492665733
 -0.1484023396111982
 -0.1807811468180436
 0.1330280583243165
 0.1379568262177574
 -0.003839932942797008
 0.01746766695483129
 0.01237460225973088
 -0.04046994706677935
 -0.02423000522026173
 -0.07770052112932209
 0.05008422393648068
 -0.1006012612335746
 0.1647725438302071
 -0.09512097581212037
 0.2484290478805525
 -0.1495994114258105
 -0.003247525751685033
 0.05563408385326344
 -0.01434691609597052
 0.2611518901972962
 -0.02868944940980721
 -0.01872509210146736
 0.08261146742872179
 0.9451962765955302
 0.08684901347549533
 0.037034642790375
 0.03394998294450677
 -0.106831632588985
 -0.06525781743981705
 0.1759593613816541
 -0.09434954695180539
 -0.198588072296037
 -0.4453283294512877
 1.685535840536142
 -0.4019053802747627
 0.6787502387596207
 0.1966736211870388
 0.09137473947886282
 0.5201358538071357
 -0.3443264932841448
 -0.03395546267728456
 0.1545745915368634
 0.01596748300613629
 0.9207036511913954
 -0.03529230708435799
 -0.3251983646970559
 -0.4789941914179883
 0.08184939177951961
 0.2351402556912948
 -0.1882889718050819
 -0.01780576627850216
 -0.2347665222572866
 0.04913803631430978
 0.9219930644830457
 0.09706295347322723
 -0.3561821808186806
 0.01664393270584483
 -0.3261983268757317
 -0.1542685999893122
 0.1314338156098725
 -0.1309996382043313
 -0.07926245541806506
 -0.1082431488542399
 -0.2474618804251365
 0.1597743900427194
 -0.1489890901273188
 0.4298270766804295
 0.3656648794467761
 -0.3331214143843706
 -0.4881182945188636
 0.5671998104024254
 -0.03838664868016968
 -0.0718840913240133
 0.2632998462113142
 -0.332771475999659
 -0.1382502611896712
 1.258923433016688
 0.3004970058302765
 0.3829976164743002
 -0.2965955116130402
 -0.1440179385143453
 -0.1540019451441257
 -0.2294259752809392
 0.3432431212651609
 0.05358208961494613
 -0.2860129297252965
 0.06532961311668965
 0.03332534161830647
 -0.1187633921050689
 -0.4256455940170723
 -0.1309132357183766
 0.2020952546340893
 0.1991693394019515
 -0.1216634509714213
 1.625597735807916
 0.05609115162109653
 -0.314383660959179
 -1.860519246854273
 0.2561434211463955
 -0.3946550612272338
 0.1498157293531264
 -0.2034131226791539
 -0.5638789302461588
 0.06615916007066347
 0.1762983485161131
 -0.02813884389052403
 0.3005781252749353
 0.8256326401421685
 0.01303646655733752
 0.7696867430855631
 0.5180948426156022
 0.2928526708946604
 0.2408009840304665
 -0.5571673655571623
 -0.04304161629137163
 0.2388865416953169
 0.2472347387051677
 1.013145280059438
 -0.1175948482606961
 0.05803387650039795
 -0.04208026037898367
 0.2990318079857034
 0.0817489440655276
 -0.2432688518273294
 0.1217772972544737
 -0.4152819969124306
 -4.213537750047369
 -0.04476038634572529
 -0.02255896922528728
 -0.1226472362221636
 0.2812791987951612
 0.4877702636667234
 -0.1976105590446378
 -0.3401793097378916
 0.1409076818331796
 -0.1033821609351561
 0.3133100377717978
 0.2483502448473435
 0.06101301158141281
 -0.07878803087720573
 1.394966479336349
 0.05508476670440295
 0.2318883555035135
 -0.3315318066726849
 -0.1917874252167088
 -0.2328089550900097
 -0.3910466831120219
 0.3909844415732897
 0.05381969502558371
 -0.1523096846899446
 0.5831248836260229
 -2.288579617124235
 -0.3137807059333422
 -0.322117518327762
 0.143657810144202
 -0.02685783519474659
 0.1270792376712602
 -0.04496703607021022
 1.203997949572533
 -0.1161532524299124
 -0.4567313795232955
 -4.806415110257428
 1.397172787564183
 -0.4130814652079588
 -0.04981240789696496
 0.05807793841464329
 -0.3590146964655654
 -1.136405083268651
 0.0834854469488826
 -0.1078726613111779
 -0.09741229214184584
 1.408789687859405
 -0.03628654263685664
 0.788552949644526
 -0.2170933998410881
 0.02483842816745892
 0.3771457092001417
 -0.5996332391933528
 0.07054247423419591
 -0.07937650710304639
 0.06150233465214189
 0.2002393021990924
 -0.04278666687514807
 0.9917696826318553
 0.2963020305099711
 0.02641201452006721
 -0.2212035653987799
 0.02017107109866132
 0.07278215978117866
 -0.1518840945460544
 0.2841615690074869
 0.2282071773936708
 -0.7595143551305765
 2.433530139379224
 -3.661744522816385
 2.380320667963755
 1.313003396669406
 -0.2780624927361742
 -0.9234092148967502
 -0.6290006956832392
 0.6879274265106492
 -0.2903656453995249
 -0.03873416933774632
 -0.8323544742118697
 0.9360876920861669
 -0.3411825911471826
 -0.1737400071942719
 0.4867084786793798
 0.2283355444418678
 0.8430992501906655
 -1.481013178415098
 0.8280156666964776
 -0.372907394184251
 -0.5167175248623332
 1.766393909786873
 -0.8045161822656318
 -1.351047996350582
 2.621169643958112
 -0.004567067699048886
 -2.483632282601131
 -0.1734906934314827
 -0.147866593149769
 0.1170391545892379
 1.620464702465429
 -4.394766322871055
 2.810516539265692
 -0.6937659564394352
 0.8071267653280686
 -0.4199062852081442
 0.7313760784010596
 -0.4739607849620726
 -0.4849640120430295
 0.2648483727907806
 0.5611812615067905
 -0.7414780615208409
 -0.02667276010941607
 2.252295357944667
 -2.446597823167679
 -0.1905261826128875
 0.8164175903911224
 -0.8058493595056381
 1.535135508919894
 0.7651241375467327
 -2.500721665134564
 0.7944101355165023
 -1.295742946722162
 0.7744638730300355
 -1.034296749567117
 0.1071457318396665
 0.8949427069306014
 0.4855950584441476
 -0.4112477901766957
 -0.1028753159728389
 0.5773534484865662
 -0.4029583128822463
 -0.154540324746065
 -0.8580413062905026
 0.7754611471657671
 -0.1655217799172908
 -0.3439785721590423
 -0.8412665796089075
 1.048269883991939
 0.08936656432353296
 -0.5621601596356195
 0.1513261676064189
 -1.157750821967921
 -2.145419606610311
 3.146213159712226
 -0.141283026066034
 -2.51001218493064
 3.131621573831772
 0.8353755142012784
 1.05330346446261
 -2.121211545321604
 0.5657853019689864
 -0.6287993029061564
 -0.04587534837399469
 -0.02100634982998979
 -0.4433834328701079
 0.2386010550263337
 -0.5993819609247848
 0.698507713649651
 -0.3395566532274303
 -0.3364219974095032
 0.8467693950178833
 -0.6406264022654411
 1.082794370084742
 -0.1985322275692425
 -0.9276845121809973
 1.363190213198004
 -2.504977732042448
 1.274629466645996
 -0.005575708772754906
 0.7378077021026511
 -0.9134365524706771
 1.349759994305426
 -1.451755055310192
 0.1503669845581946
 -1.827737436188061
 5.133865197241543
 -4.662127411197804
 -5.349055443059667
 5.217189901118659
 -0.02449858268179727
 -0.8654654405311487
 2.262800486193011
 -1.850217661193514
 0.07407267700277219
 1.172463169711601
 -1.45185079798127
 0.03902637408708834
 -0.4351508567874089
 0.2425100909393334
 -1.649981824879118
 1.859744210037137
 -0.4894509351623399
 4.20845400691031
 -2.878510404181822
 -0.9351918356372666
 -0.7393809972198301
 0.8064783691899018
 -0.1851379494293207
 0.3740108560254453
 0.8607863919286274
 -1.492705718379739
 -1.204968361015422
 0.591817180599528
 0.379607135969436
 3.414452717374192
 -0.6980981906311398
 -2.908426217270856
 0.04350968641100322
 0.7914563278701846
 -1.018935484636564
 0.07586602889223845
 -2.058771695622059
 1.961163691544457
 1.460828493503492
 -2.55031735611108
 1.042451575072306
 -0.8368113067769679
 0.6362250577834044
 -0.02358731955661649
 1.131843864588327
 0.1731406913776622
 -1.465695020475941
 1.564385409825276
 -1.193561355208449
 -0.4312172486599604
 -1.063884975881245
 0.1631367396556623
 0.7678402034111194
 -0.0648304614110707
 0.919737458986613
 -0.8849094241849513
 -0.806172613965793
 0.5784557985659475
 -0.1466127251443345
 -5.357101358774523
 -3.469981575899233
 8.376452839191895
 0.2516857840891915
 0.3326486009021807
 -0.7835942827618934
 -0.2301377262227497
 0.9277191614878103
 -1.03129662742773
 1.10755414806815
 0.04020967282529431
 -1.271077609204587
 -0.4791199274801928
 0.9222726570385473
 -0.5570109141854445
 -0.6371566736971815
 0.6052088978485892
 -0.3497328243737475
 -0.4296729823704922
 -0.9573052143649446
 1.177107117038214
 -0.2255797715585955
 0.5430224594921224
 -0.407687907057299
 -1.951173614082769
 1.550626289648919
 0.3727595971015332


